
20

(t7:0.2063722133,(t19:0.1352503193,t11:0.0459066051):0.2519623493,((t2:0.2331956292,(t13:0.0566216744,t18:0.0382123613):0.2078045908):0.1161213821,((((t1:0.1273575985,t12:0.1624055314):0.1111033058,t9:0.2471362276):0.3094599693,t5:0.6133632703):0.0804775381,(((t17:0.3141853630,(t14:0.3034188166,t10:0.3567166644):0.0646688937):0.0879884103,t6:0.5268993523):0.1715146911,((t20:0.4117430352,(t16:0.0000040000,t8:0.0100182931):0.2744260518):0.0636114137,(t15:0.2846790147,(t3:0.0006769243,t4:0.0161378438):0.2674402536):0.1068926124):0.0774531234):0.0057268828):0.1376502905):0.0772662107);

0.0772662107 0.2063722133 0.2519623493 0.1352503193 0.0459066051 0.1161213821 0.2331956292 0.2078045908 0.0566216744 0.0382123613 0.1376502905 0.0804775381 0.3094599693 0.1111033058 0.1273575985 0.1624055314 0.2471362276 0.6133632703 0.0057268828 0.1715146911 0.0879884103 0.314185363 0.0646688937 0.3034188166 0.3567166644 0.5268993523 0.0774531234 0.0636114137 0.4117430352 0.2744260518 4.0e-6 0.0100182931 0.1068926124 0.2846790147 0.2674402536 0.0006769243 0.0161378438

-0.03990445574147783 -0.02792249084198062 -0.022606685652459824 -0.04038559712503087 -0.03158306424014157 -0.02209529283295808 -0.025031388776746155 -0.02490833081496291 -0.05062284168354125 -0.03356058975542098 -0.022748222237456428 0.06369634697513415 -0.02011133115983732 -0.027006621206686177 -0.029073518445592583 -0.027383336450199636 -0.029104602520664713 -0.010262221981972353 -0.0833592723856107 -0.035798496233589994 -0.031106091475884057 -0.02989089562003855 -0.025757111673086364 -0.02830599091717012 -0.027097810055167315 -0.017485663044539024 -0.04567244609160426 -0.02112457844330251 -0.015657255727816732 -0.021759532695238448 -130.70001475542466 -0.08352120120329687 -0.006195798762907323 -0.021849017831627293 -0.0229935054036714 0.12243927385668485 -0.03495846875711095


Hessian

-1375.0 -178.1 -69.76 -70.74 -28.51 -136.5 38.78 29.55 -86.43 125.4 -102.7 -14.24 29.56 45.27 -120.2 -73.69 24.45 -23.97 -103.2 -55.47 -104.9 25.23 2.855 -49.71 19.73 0.7094 -75.61 -113.0 -7.133 -18.75 -0.8012 140.9 -22.91 7.069 -76.44 -438.5 50.61
-178.1 -797.9 -34.29 20.58 5.455 -3.301 1.373 73.56 -198.8 5.504 -47.24 15.53 19.64 -33.42 -59.76 -18.95 -27.27 22.62 -13.64 -5.786 -7.199 87.57 17.53 -54.83 7.087 -11.26 -4.578 44.15 -11.13 42.39 129.6 255.5 12.76 -52.72 -0.1124 100.6 222.5
-69.76 -34.29 -609.6 43.01 -113.7 -35.07 7.0 -15.03 103.4 95.65 -21.25 35.87 34.03 32.03 41.22 17.78 34.59 -12.13 -0.375 -45.74 -1.908 -10.48 -20.51 12.15 9.005 -21.54 7.583 -3.623 -41.86 -4.035 128.7 251.8 -42.56 -12.99 6.576 110.1 195.8
-70.74 20.58 43.01 -1559.0 -712.8 -77.15 -20.64 -103.2 63.75 -229.8 -68.5 29.06 14.92 28.31 66.26 -36.67 -7.701 -3.783 59.34 -9.837 -108.9 0.07261 -157.3 1.76 -79.2 -38.44 107.7 56.56 28.95 10.84 153.9 282.9 51.58 -33.7 -52.36 -1096.0 -151.1
-28.51 5.455 -113.7 -712.8 -3165.0 -115.6 -59.11 -9.656 -60.33 84.29 78.35 70.94 65.44 -25.97 32.3 -103.2 -4.129 22.61 46.43 87.73 25.82 -67.09 -57.68 90.92 49.93 -77.13 -1.235 -72.48 -23.43 -60.51 153.7 287.2 88.96 -12.39 -80.32 -1380.0 -974.8
-136.5 -3.301 -35.07 -77.15 -115.6 -914.5 -159.0 -170.7 -41.41 -200.2 -92.37 6.338 -66.66 -71.95 28.45 48.62 -54.88 19.22 -48.29 48.57 79.77 14.12 15.88 16.93 30.65 14.79 -49.36 -86.72 -15.45 6.562 54.38 153.2 30.94 -3.526 5.14 -1097.0 -642.7
38.78 1.373 7.0 -20.64 -59.11 -159.0 -715.3 -122.9 36.05 20.68 17.8 -5.493 3.132 -72.67 -30.47 98.41 -78.94 -31.09 66.17 -9.946 -42.13 19.36 76.56 33.65 -3.168 13.71 3.154 -34.48 51.09 36.71 62.92 172.3 -27.08 29.22 45.67 82.52 -409.1
29.55 73.56 -15.03 -103.2 -9.656 -170.7 -122.9 -763.1 118.8 45.31 42.61 31.49 37.72 -81.79 -7.047 -4.577 -72.01 -2.729 -36.73 34.85 72.53 26.11 32.35 25.75 43.03 49.51 75.18 -52.92 22.87 20.51 -404.3 -680.7 60.31 -29.4 35.12 91.52 -210.7
-86.43 -198.8 103.4 63.75 -60.33 -41.41 36.05 118.8 -3997.0 -1139.0 49.07 36.26 10.6 171.8 85.25 -129.3 -94.53 11.77 164.3 93.53 60.27 11.3 41.28 99.49 -32.64 4.77 160.3 118.8 -57.82 101.4 162.4 293.2 -5.189 20.92 -243.6 310.8 281.9
125.4 5.504 95.65 -229.8 84.29 -200.2 20.68 45.31 -1139.0 -5384.0 -17.56 -82.61 -83.32 95.76 -37.37 -74.63 -163.4 -21.13 7.308 -92.94 -16.71 45.71 -92.1 28.22 3.715 75.82 95.88 -15.73 -157.0 39.02 156.7 286.9 -135.9 -160.7 -6.536 312.7 280.2
-102.7 -47.24 -21.25 -68.5 78.35 -92.37 17.8 42.61 49.07 -17.56 -930.1 -36.96 -25.64 -63.71 74.4 -62.3 40.47 -9.092 -524.6 -36.38 -75.05 57.32 -30.37 -39.81 -16.65 7.927 -175.7 -38.81 -0.01268 -2.526 -403.9 -230.7 39.35 53.94 -31.87 -337.6 90.64
-14.24 15.53 35.87 29.06 70.94 6.338 -5.493 31.49 36.26 -82.61 -36.96 -580.8 -256.5 -62.02 -54.22 -13.83 -19.54 -106.9 -202.5 -22.46 34.9 15.56 -11.17 -6.658 -52.53 24.44 -95.64 -31.31 5.758 -30.25 -147.5 3.698 -23.69 -2.017 -46.82 -28.38 61.65
29.56 19.64 34.03 14.92 65.44 -66.66 3.132 37.72 10.6 -83.32 -25.64 -256.5 -336.2 -104.8 -29.2 2.02 -46.41 -21.99 -122.4 4.448 28.1 7.443 32.21 23.95 -18.68 8.89 -64.6 -32.65 -18.35 -23.8 -164.0 -21.66 -21.3 3.353 27.15 -114.0 83.53
45.27 -33.42 32.03 28.31 -25.97 -71.95 -72.67 -81.79 171.8 95.76 -63.71 -62.02 -104.8 -864.8 -86.35 -31.7 -290.5 4.75 47.92 3.923 -32.92 2.189 3.082 -6.947 30.18 56.35 67.64 80.98 38.61 -3.464 148.4 276.3 37.23 0.4373 -6.257 -130.8 -440.9
-120.2 -59.76 41.22 66.26 32.3 28.45 -30.47 -7.047 85.25 -37.37 74.4 -54.22 -29.2 -86.35 -1377.0 -264.8 -0.4561 23.42 61.04 67.59 92.23 -5.647 61.62 -3.061 28.8 36.07 -10.79 55.77 15.89 35.58 170.5 297.7 -61.8 6.691 -70.77 -58.67 -70.55
-73.69 -18.95 17.78 -36.67 -103.2 48.62 98.41 -4.577 -129.3 -74.63 -62.3 -13.83 2.02 -31.7 -264.8 -1139.0 25.7 0.6498 -26.18 44.87 24.07 12.71 66.11 15.55 13.64 43.52 -19.89 50.32 12.33 89.42 170.0 295.2 74.51 -4.4 5.979 -20.9 -29.03
24.45 -27.27 34.59 -7.701 -4.129 -54.88 -78.94 -72.01 -94.53 -163.4 40.47 -19.54 -46.41 -290.5 -0.4561 25.7 -599.1 31.9 70.35 9.581 34.98 -2.661 36.56 -16.4 -13.95 6.458 45.76 70.02 16.1 13.19 152.6 273.3 0.1834 -40.44 -23.11 173.5 -103.6
-23.97 22.62 -12.13 -3.783 22.61 19.22 -31.09 -2.729 11.77 -21.13 -9.092 -106.9 -21.99 4.75 23.42 0.6498 31.9 -169.9 -48.27 0.1722 28.71 -3.977 -27.74 -5.683 -11.66 25.91 -13.33 -2.786 -10.22 -26.69 -23.27 88.22 -43.11 -9.124 -39.22 -39.98 63.74
-103.2 -13.64 -0.375 59.34 46.43 -48.29 66.17 -36.73 164.3 7.308 -524.6 -202.5 -122.4 47.92 61.04 -26.18 70.35 -48.27 -1866.0 -168.3 -31.98 -98.4 -58.43 -24.53 -17.22 -19.02 -619.5 -67.62 -78.07 -13.6 -1451.0 -1197.0 -102.4 16.17 -34.56 70.51 195.1
-55.47 -5.786 -45.74 -9.837 87.73 48.57 -9.946 34.85 93.53 -92.94 -36.38 -22.46 4.448 3.923 67.59 44.87 9.581 0.1722 -168.3 -585.0 -315.8 -96.66 -117.5 -22.23 -19.02 -46.12 -108.4 15.09 5.311 16.92 -6.951 -281.4 -93.63 -75.21 -3.524 31.2 202.5
-104.9 -7.199 -1.908 -108.9 25.82 79.77 -42.13 72.53 60.27 -16.71 -75.05 34.9 28.1 -32.92 92.23 24.07 34.98 28.71 -31.98 -315.8 -800.1 -56.17 -146.0 -28.08 -3.098 -49.04 -21.13 8.899 -14.48 42.9 88.44 53.71 -32.57 -22.73 -12.2 67.57 210.1
25.23 87.57 -10.48 0.07261 -67.09 14.12 19.36 26.11 11.3 45.71 57.32 15.56 7.443 2.189 -5.647 12.71 -2.661 -3.977 -98.4 -96.66 -56.17 -462.3 -107.5 8.246 -5.126 -47.93 -77.97 -8.524 -14.55 3.245 -73.71 -409.6 -92.31 -66.2 -7.266 -175.4 -42.66
2.855 17.53 -20.51 -157.3 -57.68 15.88 76.56 32.35 41.28 -92.1 -30.37 -11.17 32.21 3.082 61.62 66.11 36.56 -27.74 -58.43 -117.5 -146.0 -107.5 -807.4 -145.5 -108.4 0.3574 -45.57 68.8 0.1719 12.46 71.03 11.67 -22.83 -50.11 -40.27 -621.6 28.03
-49.71 -54.83 12.15 1.76 90.92 16.93 33.65 25.75 99.49 28.22 -39.81 -6.658 23.95 -6.947 -3.061 15.55 -16.4 -5.683 -24.53 -22.23 -28.08 8.246 -145.5 -461.9 -14.34 -7.37 -20.42 -31.65 39.97 14.11 110.6 183.2 -26.0 -101.4 -3.763 94.43 217.8
19.73 7.087 9.005 -79.2 49.93 30.65 -3.168 43.03 -32.64 3.715 -16.65 -52.53 -18.68 30.18 28.8 13.64 -13.95 -11.66 -17.22 -19.02 -3.098 -5.126 -108.4 -14.34 -392.7 15.8 12.26 5.695 27.17 -9.82 -181.8 -83.0 -57.06 33.97 2.611 110.2 216.5
0.7094 -11.26 -21.54 -38.44 -77.13 14.79 13.71 49.51 4.77 75.82 7.927 24.44 8.89 56.35 36.07 43.52 6.458 25.91 -19.02 -46.12 -49.04 -47.93 0.3574 -7.37 15.8 -223.0 -37.58 13.49 11.99 -2.541 98.62 135.6 -16.86 14.76 12.36 26.51 59.27
-75.61 -4.578 7.583 107.7 -1.235 -49.36 3.154 75.18 160.3 95.88 -175.7 -95.64 -64.6 67.64 -10.79 -19.89 45.76 -13.33 -619.5 -108.4 -21.13 -77.97 -45.57 -20.42 12.26 -37.58 -1337.0 -205.1 -25.15 -45.4 -62.67 49.0 -188.3 41.1 -25.16 -31.18 187.2
-113.0 44.15 -3.623 56.56 -72.48 -86.72 -34.48 -52.92 118.8 -15.73 -38.81 -31.31 -32.65 80.98 55.77 50.32 70.02 -2.786 -67.62 15.09 8.899 -8.524 68.8 -31.65 5.695 13.49 -205.1 -1043.0 -122.6 -273.3 -376.6 -674.9 -92.76 17.08 -1.662 -133.2 143.2
-7.133 -11.13 -41.86 28.95 -23.43 -15.45 51.09 22.87 -57.82 -157.0 -0.01268 5.758 -18.35 38.61 15.89 12.33 16.1 -10.22 -78.07 5.311 -14.48 -14.55 0.1719 39.97 27.17 11.99 -25.15 -122.6 -350.9 -17.81 49.65 117.1 37.62 37.02 3.351 -320.5 -164.4
-18.75 42.39 -4.035 10.84 -60.51 6.562 36.71 20.51 101.4 39.02 -2.526 -30.25 -23.8 -3.464 35.58 89.42 13.19 -26.69 -13.6 16.92 42.9 3.245 12.46 14.11 -9.82 -2.541 -45.4 -273.3 -17.81 -567.5 -308.0 -228.5 10.9 -10.12 -21.27 -186.4 129.2
-0.8012 129.6 128.7 153.9 153.7 54.38 62.92 -404.3 162.4 156.7 -403.9 -147.5 -164.0 148.4 170.5 170.0 152.6 -23.27 -1451.0 -6.951 88.44 -73.71 71.03 110.6 -181.8 98.62 -62.67 -376.6 49.65 -308.0 -14480.0 -16830.0 71.49 130.9 129.4 159.2 161.8
140.9 255.5 251.8 282.9 287.2 153.2 172.3 -680.7 293.2 286.9 -230.7 3.698 -21.66 276.3 297.7 295.2 273.3 88.22 -1197.0 -281.4 53.71 -409.6 11.67 183.2 -83.0 135.6 49.0 -674.9 117.1 -228.5 -16830.0 -29770.0 186.6 249.0 248.3 296.2 296.7
-22.91 12.76 -42.56 51.58 88.96 30.94 -27.08 60.31 -5.189 -135.9 39.35 -23.69 -21.3 37.23 -61.8 74.51 0.1834 -43.11 -102.4 -93.63 -32.57 -92.31 -22.83 -26.0 -57.06 -16.86 -188.3 -92.76 37.62 10.9 71.49 186.6 -963.2 -125.8 -146.7 -76.76 148.2
7.069 -52.72 -12.99 -33.7 -12.39 -3.526 29.22 -29.4 20.92 -160.7 53.94 -2.017 3.353 0.4373 6.691 -4.4 -40.44 -9.124 16.17 -75.21 -22.73 -66.2 -50.11 -101.4 33.97 14.76 41.1 17.08 37.02 -10.12 130.9 249.0 -125.8 -546.9 -48.67 -248.7 -67.63
-76.44 -0.1124 6.576 -52.36 -80.32 5.14 45.67 35.12 -243.6 -6.536 -31.87 -46.82 27.15 -6.257 -70.77 5.979 -23.11 -39.22 -34.56 -3.524 -12.2 -7.266 -40.27 -3.763 2.611 12.36 -25.16 -1.662 3.351 -21.27 129.4 248.3 -146.7 -48.67 -587.6 -375.7 -95.25
-438.5 100.6 110.1 -1096.0 -1380.0 -1097.0 82.52 91.52 310.8 312.7 -337.6 -28.38 -114.0 -130.8 -58.67 -20.9 173.5 -39.98 70.51 31.2 67.57 -175.4 -621.6 94.43 110.2 26.51 -31.18 -133.2 -320.5 -186.4 159.2 296.2 -76.76 -248.7 -375.7 -42200.0 -16550.0
50.61 222.5 195.8 -151.1 -974.8 -642.7 -409.1 -210.7 281.9 280.2 90.64 61.65 83.53 -440.9 -70.55 -29.03 -103.6 63.74 195.1 202.5 210.1 -42.66 28.03 217.8 216.5 59.27 187.2 143.2 -164.4 129.2 161.8 296.7 148.2 -67.63 -95.25 -16550.0 -17610.0
