
const Pi = 0.05,0.05,0.05,0.05,0.05,0.05,0.05,0.05,0.05,0.05,0.05,0.05,0.05,0.05,0.05,0.05,0.05,0.05,0.05,0.05
const Q = [-1.0000000000000002 0.05263157894736841 0.05263157894736841 0.05263157894736841 0.05263157894736841 0.05263157894736841 0.05263157894736841 0.05263157894736841 0.05263157894736841 0.05263157894736841 0.05263157894736841 0.05263157894736841 0.05263157894736841 0.05263157894736841 0.05263157894736841 0.05263157894736841 0.05263157894736841 0.05263157894736841 0.05263157894736841 0.05263157894736841; 0.05263157894736841 -1.0000000000000002 0.05263157894736841 0.05263157894736841 0.05263157894736841 0.05263157894736841 0.05263157894736841 0.05263157894736841 0.05263157894736841 0.05263157894736841 0.05263157894736841 0.05263157894736841 0.05263157894736841 0.05263157894736841 0.05263157894736841 0.05263157894736841 0.05263157894736841 0.05263157894736841 0.05263157894736841 0.05263157894736841; 0.05263157894736841 0.05263157894736841 -1.0000000000000002 0.05263157894736841 0.05263157894736841 0.05263157894736841 0.05263157894736841 0.05263157894736841 0.05263157894736841 0.05263157894736841 0.05263157894736841 0.05263157894736841 0.05263157894736841 0.05263157894736841 0.05263157894736841 0.05263157894736841 0.05263157894736841 0.05263157894736841 0.05263157894736841 0.05263157894736841; 0.05263157894736841 0.05263157894736841 0.05263157894736841 -1.0000000000000002 0.05263157894736841 0.05263157894736841 0.05263157894736841 0.05263157894736841 0.05263157894736841 0.05263157894736841 0.05263157894736841 0.05263157894736841 0.05263157894736841 0.05263157894736841 0.05263157894736841 0.05263157894736841 0.05263157894736841 0.05263157894736841 0.05263157894736841 0.05263157894736841; 0.05263157894736841 0.05263157894736841 0.05263157894736841 0.05263157894736841 -1.0000000000000002 0.05263157894736841 0.05263157894736841 0.05263157894736841 0.05263157894736841 0.05263157894736841 0.05263157894736841 0.05263157894736841 0.05263157894736841 0.05263157894736841 0.05263157894736841 0.05263157894736841 0.05263157894736841 0.05263157894736841 0.05263157894736841 0.05263157894736841; 0.05263157894736841 0.05263157894736841 0.05263157894736841 0.05263157894736841 0.05263157894736841 -1.0000000000000002 0.05263157894736841 0.05263157894736841 0.05263157894736841 0.05263157894736841 0.05263157894736841 0.05263157894736841 0.05263157894736841 0.05263157894736841 0.05263157894736841 0.05263157894736841 0.05263157894736841 0.05263157894736841 0.05263157894736841 0.05263157894736841; 0.05263157894736841 0.05263157894736841 0.05263157894736841 0.05263157894736841 0.05263157894736841 0.05263157894736841 -1.0000000000000002 0.05263157894736841 0.05263157894736841 0.05263157894736841 0.05263157894736841 0.05263157894736841 0.05263157894736841 0.05263157894736841 0.05263157894736841 0.05263157894736841 0.05263157894736841 0.05263157894736841 0.05263157894736841 0.05263157894736841; 0.05263157894736841 0.05263157894736841 0.05263157894736841 0.05263157894736841 0.05263157894736841 0.05263157894736841 0.05263157894736841 -1.0000000000000002 0.05263157894736841 0.05263157894736841 0.05263157894736841 0.05263157894736841 0.05263157894736841 0.05263157894736841 0.05263157894736841 0.05263157894736841 0.05263157894736841 0.05263157894736841 0.05263157894736841 0.05263157894736841; 0.05263157894736841 0.05263157894736841 0.05263157894736841 0.05263157894736841 0.05263157894736841 0.05263157894736841 0.05263157894736841 0.05263157894736841 -1.0000000000000002 0.05263157894736841 0.05263157894736841 0.05263157894736841 0.05263157894736841 0.05263157894736841 0.05263157894736841 0.05263157894736841 0.05263157894736841 0.05263157894736841 0.05263157894736841 0.05263157894736841; 0.05263157894736841 0.05263157894736841 0.05263157894736841 0.05263157894736841 0.05263157894736841 0.05263157894736841 0.05263157894736841 0.05263157894736841 0.05263157894736841 -1.0000000000000002 0.05263157894736841 0.05263157894736841 0.05263157894736841 0.05263157894736841 0.05263157894736841 0.05263157894736841 0.05263157894736841 0.05263157894736841 0.05263157894736841 0.05263157894736841; 0.05263157894736841 0.05263157894736841 0.05263157894736841 0.05263157894736841 0.05263157894736841 0.05263157894736841 0.05263157894736841 0.05263157894736841 0.05263157894736841 0.05263157894736841 -1.0000000000000002 0.05263157894736841 0.05263157894736841 0.05263157894736841 0.05263157894736841 0.05263157894736841 0.05263157894736841 0.05263157894736841 0.05263157894736841 0.05263157894736841; 0.05263157894736841 0.05263157894736841 0.05263157894736841 0.05263157894736841 0.05263157894736841 0.05263157894736841 0.05263157894736841 0.05263157894736841 0.05263157894736841 0.05263157894736841 0.05263157894736841 -1.0000000000000002 0.05263157894736841 0.05263157894736841 0.05263157894736841 0.05263157894736841 0.05263157894736841 0.05263157894736841 0.05263157894736841 0.05263157894736841; 0.05263157894736841 0.05263157894736841 0.05263157894736841 0.05263157894736841 0.05263157894736841 0.05263157894736841 0.05263157894736841 0.05263157894736841 0.05263157894736841 0.05263157894736841 0.05263157894736841 0.05263157894736841 -1.0000000000000002 0.05263157894736841 0.05263157894736841 0.05263157894736841 0.05263157894736841 0.05263157894736841 0.05263157894736841 0.05263157894736841; 0.05263157894736841 0.05263157894736841 0.05263157894736841 0.05263157894736841 0.05263157894736841 0.05263157894736841 0.05263157894736841 0.05263157894736841 0.05263157894736841 0.05263157894736841 0.05263157894736841 0.05263157894736841 0.05263157894736841 -1.0000000000000002 0.05263157894736841 0.05263157894736841 0.05263157894736841 0.05263157894736841 0.05263157894736841 0.05263157894736841; 0.05263157894736841 0.05263157894736841 0.05263157894736841 0.05263157894736841 0.05263157894736841 0.05263157894736841 0.05263157894736841 0.05263157894736841 0.05263157894736841 0.05263157894736841 0.05263157894736841 0.05263157894736841 0.05263157894736841 0.05263157894736841 -1.0000000000000002 0.05263157894736841 0.05263157894736841 0.05263157894736841 0.05263157894736841 0.05263157894736841; 0.05263157894736841 0.05263157894736841 0.05263157894736841 0.05263157894736841 0.05263157894736841 0.05263157894736841 0.05263157894736841 0.05263157894736841 0.05263157894736841 0.05263157894736841 0.05263157894736841 0.05263157894736841 0.05263157894736841 0.05263157894736841 0.05263157894736841 -1.0000000000000002 0.05263157894736841 0.05263157894736841 0.05263157894736841 0.05263157894736841; 0.05263157894736841 0.05263157894736841 0.05263157894736841 0.05263157894736841 0.05263157894736841 0.05263157894736841 0.05263157894736841 0.05263157894736841 0.05263157894736841 0.05263157894736841 0.05263157894736841 0.05263157894736841 0.05263157894736841 0.05263157894736841 0.05263157894736841 0.05263157894736841 -1.0000000000000002 0.05263157894736841 0.05263157894736841 0.05263157894736841; 0.05263157894736841 0.05263157894736841 0.05263157894736841 0.05263157894736841 0.05263157894736841 0.05263157894736841 0.05263157894736841 0.05263157894736841 0.05263157894736841 0.05263157894736841 0.05263157894736841 0.05263157894736841 0.05263157894736841 0.05263157894736841 0.05263157894736841 0.05263157894736841 0.05263157894736841 -1.0000000000000002 0.05263157894736841 0.05263157894736841; 0.05263157894736841 0.05263157894736841 0.05263157894736841 0.05263157894736841 0.05263157894736841 0.05263157894736841 0.05263157894736841 0.05263157894736841 0.05263157894736841 0.05263157894736841 0.05263157894736841 0.05263157894736841 0.05263157894736841 0.05263157894736841 0.05263157894736841 0.05263157894736841 0.05263157894736841 0.05263157894736841 -1.0000000000000002 0.05263157894736841; 0.05263157894736841 0.05263157894736841 0.05263157894736841 0.05263157894736841 0.05263157894736841 0.05263157894736841 0.05263157894736841 0.05263157894736841 0.05263157894736841 0.05263157894736841 0.05263157894736841 0.05263157894736841 0.05263157894736841 0.05263157894736841 0.05263157894736841 0.05263157894736841 0.05263157894736841 0.05263157894736841 0.05263157894736841 -1.0000000000000002]

const U = [-0.3938864192337332 0.1384586773655926 0.03388079311296356 0.10933450665338257 0.07986526140428041 0.025763442594432022 -0.6650578293983632 -0.013432366426211794 -0.46056374834996516 0.11144152504209408 -0.033235513715734646 0.1324108295361385 -0.20231419866521894 -0.057846032873888543 0.08110756866455343 0.010392440498907142 0.04036706455207897 -0.12106219988809601 -0.05129891760425771 -0.22360679774997896; 0.45677701671535004 -0.04367015743993954 0.25537587185157257 -0.13770727595270102 -0.3664498221524284 0.12863454451617543 -0.3712942141933819 0.34787064001473733 0.37096437998066645 0.03275417509638504 -0.033235513715734646 0.1324108295361385 -0.20231419866521894 -0.057846032873888543 0.17262321133404915 0.010392440498907142 0.04036706455207897 -0.09895535907041798 -0.05129891760425771 -0.22360679774997896; -0.4441362110140857 -0.04367015743993954 0.25537587185157257 0.2465730900245018 -0.3149110585365249 0.12863454451617543 0.19858204455744685 -0.45222463894006004 0.37096437998066645 0.03275417509638504 -0.033235513715734646 0.1324108295361385 -0.20231419866521894 -0.057846032873888543 0.17262321133404915 0.010392440498907142 0.04036706455207897 0.17144491196847006 -0.05129891760425771 -0.22360679774997896; 0.3298813632354783 -0.08216191169881278 -0.29869719109180976 -0.30394884756223023 -0.21563914635634626 -0.022407163065288553 0.10984021250517131 -0.5729182176429727 -0.24467454560400978 0.03275417509638504 -0.033235513715734646 0.1324108295361385 -0.20231419866521894 -0.057846032873888543 -0.10761743318506618 0.010392440498907142 0.04036706455207897 -0.354565685410039 -0.05129891760425771 -0.22360679774997896; 0.3298813632354783 -0.08216191169881278 -0.29869719109180976 0.5588083360097688 -0.09015432332670881 -0.022407163065288553 0.09548041323287795 0.13089101769278447 -0.24467454560400978 0.03275417509638504 -0.033235513715734646 0.1324108295361385 -0.20231419866521894 -0.057846032873888543 -0.10761743318506618 0.010392440498907142 0.04036706455207897 0.5081914981619596 -0.05129891760425771 -0.22360679774997896; 0.005568541237613197 0.21194895680980036 0.1516523914009589 -0.5632611935326328 0.29869975399634663 0.1914994384344554 0.2504128186517772 0.07673073095918019 -0.18963581618503367 0.005720832272040872 -0.03037182271168315 0.1324108295361385 -0.20231419866521894 -0.057846032873888543 0.2337609425115374 0.0027603363457312955 0.03750337354802747 0.46138988290798066 -0.05129891760425771 -0.22360679774997896; -0.17689853420382556 -0.317895087523977 0.06489066993433656 -0.2569296733934364 -0.09914354240305256 -0.6068463577869259 -0.08984681894986092 0.07572858289399978 0.04741634722452433 -0.16682108677740914 -0.08121710694759036 -0.31583226491283867 -0.20231419866521894 -0.057846032873888543 -0.27543147480163743 -0.2219752351734893 -0.06133877131974519 0.20807740159016735 -0.05129891760425771 -0.22360679774997896; -0.0011139252878742195 -0.317895087523977 0.06489066993433656 0.11319289448071826 0.3470332221546614 0.5976860337665009 0.041480557672649035 0.04110668550048612 0.04741634722452433 -0.16682108677740914 -0.08121710694759036 -0.31583226491283867 -0.20231419866521894 -0.057846032873888543 -0.27543147480163743 -0.2219752351734893 -0.06133877131974519 -0.1965106764054935 -0.05129891760425771 -0.22360679774997896; 0.0024419332479856466 0.7455232536286837 -0.2093942919725443 -0.014456360586599666 -0.0366578609329903 0.05110916476454869 -0.10671251823322882 -0.06425825532080984 0.29120478159858054 -0.034970265072416316 -0.147670855189443 -0.17559960511736672 0.0936777230021794 -0.057846032873888543 -0.4042463724466212 -0.07294694952038193 -0.059549996324679194 0.07043177210569715 -0.05129891760425771 -0.22360679774997896; -0.011756303599520674 -0.09116417794782186 -0.5365709426318777 0.031855843346529876 0.27540116292508265 -0.11293634508873293 -0.10572642964892516 -0.042270872578035995 0.29120478159858054 -0.034970265072416316 -0.147670855189443 -0.17559960511736672 0.0936777230021794 -0.057846032873888543 0.6222868224013683 -0.07294694952038193 -0.059549996324679194 -0.03918843484930982 -0.05129891760425771 -0.22360679774997896; -0.21538932494007285 0.17509783884063665 -0.05551518490501412 0.06779429810552143 -0.2752080148806073 -0.059020814219160514 0.47445768284023204 0.4613837415899426 -0.20656974532785113 0.13994934178470175 -0.013794877537072434 -0.2092181429731516 -0.09367605188213979 -0.1664907862666548 0.14056092924932265 0.004781950010737065 0.1610017420662893 -0.3962512470921487 -0.05129891760425771 -0.22360679774997896; 0.08289788193524382 0.03533350339103178 0.16860957311741917 0.04753621844936605 -0.1909304962448408 0.06694117189374034 -0.051172115973549294 -0.09894757854689358 -0.23634467341405732 -0.6310454862477249 0.18397192782058333 -0.08427557295730889 0.49830779145265686 -0.1664907862666548 0.15886575556575921 -0.12612555092768316 0.19849712728112306 0.06010041394523429 -0.05129891760425771 -0.22360679774997896; -0.039293261009933515 -0.23661668021000265 -0.04090305071991677 -0.136324813398552 -0.06079967410096434 0.13355993293404408 -0.07973546608011653 -0.026125191409610452 0.021769529405872963 0.648653096419954 0.18397192782058333 -0.08427557295730889 0.49830779145265686 -0.1664907862666548 -0.14218827340564846 -0.12612555092768304 0.19849712728112306 0.16515285739472066 -0.05129891760425771 -0.22360679774997896; -0.027176452835002547 -0.13063705796899555 0.025520282311477772 -0.030592378545393057 0.10019546719073838 -0.01732298970652671 -0.026439588842390595 0.0068943001350765185 0.05175460601943309 -0.0825942904012299 -0.07055878909937258 -0.1615920084158362 0.0936777230021794 -0.057846032873888543 -0.12962532011580988 0.9190733720707339 0.05079955590374765 0.00995511222910761 -0.05129891760425771 -0.22360679774997896; 0.03760136330915944 0.06262436528888488 0.056874214577690915 0.04247518561171444 -0.02220123739226721 -0.02663297077125893 0.04215380978047836 -0.004994120793228442 -0.04884105752383179 0.06554301525245589 0.5883031467207839 -0.0702164663098585 0.0020128590828308794 0.05079872051887772 0.06665186123663665 0.05153776326152891 -0.7519349503257455 -0.03447044562185851 -0.05129891760425771 -0.22360679774997896; 0.3151538711915883 0.16321678429448316 0.4810629356765926 0.27515577028473176 0.4494862828011754 -0.37382559035587626 0.09022475871926952 -0.1913238754336571 0.02181074090766119 0.19596438809106034 0.0034958555285817716 -0.0702164663098585 0.0020128590828308794 0.05079872051887772 0.06639545241806814 -0.0731110229619106 0.1952303872724415 -0.18295437833092926 -0.05129891760425771 -0.22360679774997896; -0.17516475692144837 -0.06803913217853069 -0.20152369460313627 -0.030006787982535494 0.25066147894284174 -0.11528306113526243 0.07130016526914486 0.19438512810440545 0.2604626690688748 -0.19231275287849994 0.3873734595692595 0.5936229036200804 0.0020128590828308655 0.05079872051887772 -0.2371045972042106 -0.03617361925793942 0.2394323446218237 -0.16383732809139548 -0.05129891760425771 -0.22360679774997896; -0.04163019948667401 -0.11019769479539365 0.12597024692835332 0.016123623362173944 0.003281824294437404 -0.04407417276550679 0.11985705753208338 0.10603190818390625 -0.08071485835347855 0.0017448748326289866 -0.6063937557379248 0.41078237155813724 0.3707909106011046 0.050798720518877676 -0.07219554518877472 -0.06506083061772278 -0.4325444044605647 -0.10110342239419363 -0.05129891760425771 -0.22360679774997896; -0.0337579455757262 -0.008094323192910048 -0.04280197368116583 -0.035622435374328146 -0.1325292773828333 0.07692835453975529 0.0021954605586860148 0.025472382016961184 -0.06294957264714741 0.00950145914662964 -0.0020435795209988827 -0.13621228241131533 0.057711401442442106 0.9325838383372274 0.03658216961912796 -0.013674680102585561 0.14345990934018832 0.034155326850544274 -0.05129891760425767 -0.22360679774997871; 0.0 0.0 0.0 0.0 0.0 0.0 0.0 0.0 0.0 0.0 0.0 0.0 0.0 0.0 0.0 0.0 0.0 0.0 0.9746794344808964 -0.22360679774997907]

const U_inv = [-0.3938864192337329 0.45677701671534976 -0.44413621101408574 0.3298813632354785 0.3298813632354783 0.005568541237613267 -0.17689853420382542 -0.0011139252878743042 0.0024419332479856887 -0.01175630359952078 -0.2153893249400728 0.0828978819352438 -0.03929326100993353 -0.027176452835002557 0.03760136330915945 0.31515387119158805 -0.17516475692144834 -0.04163019948667401 -0.03375794557572617 3.8453694075506666e-17; 0.13845867736559256 -0.0436701574399395 -0.04367015743993957 -0.08216191169881285 -0.08216191169881276 0.2119489568098003 -0.31789508752397694 -0.3178950875239768 0.745523253628684 -0.09116417794782204 0.17509783884063654 0.03533350339103173 -0.2366166802100027 -0.13063705796899552 0.06262436528888493 0.16321678429448322 -0.06803913217853058 -0.11019769479539367 -0.008094323192910091 7.93298754417561e-18; 0.03388079311296352 0.2553758718515726 0.2553758718515726 -0.29869719109180987 -0.2986971910918097 0.151652391400959 0.06489066993433651 0.06489066993433643 -0.2093942919725443 -0.5365709426318779 -0.05551518490501414 0.1686095731174192 -0.04090305071991683 0.025520282311477804 0.05687421457769093 0.4810629356765925 -0.20152369460313618 0.12597024692835343 -0.04280197368116589 9.891294550254673e-18; 0.10933450665338262 -0.13770727595270077 0.246573090024502 -0.30394884756223056 0.5588083360097689 -0.563261193532633 -0.2569296733934364 0.11319289448071825 -0.01445636058659952 0.031855843346529994 0.0677942981055214 0.047536218449366036 -0.1363248133985521 -0.030592378545393123 0.04247518561171448 0.2751557702847316 -0.03000678798253542 0.016123623362173906 -0.03562243537432813 -1.391784089871506e-16; 0.07986526140428038 -0.3664498221524283 -0.3149110585365248 -0.21563914635634632 -0.09015432332670886 0.29869975399634685 -0.09914354240305255 0.34703322215466126 -0.03665786093299032 0.2754011629250829 -0.27520801488060714 -0.1909304962448407 -0.060799674100964284 0.10019546719073835 -0.022201237392267155 0.44948628280117536 0.25066147894284174 0.003281824294437437 -0.13252927738283315 8.545281987208e-17; 0.025763442594431987 0.1286345445161753 0.12863454451617543 -0.022407163065288546 -0.022407163065288588 0.19149943843445544 -0.6068463577869257 0.5976860337665008 0.051109164764548735 -0.11293634508873288 -0.0590208142191605 0.06694117189374044 0.13355993293404403 -0.017322989706526758 -0.026632970771258854 -0.37382559035587615 -0.11528306113526243 -0.044074172765506826 0.0769283545397553 1.9529104209215113e-17; -0.6650578293983631 -0.37129421419338215 0.19858204455744694 0.1098402125051714 0.09548041323287802 0.2504128186517774 -0.08984681894986085 0.041480557672649146 -0.10671251823322889 -0.10572642964892515 0.47445768284023215 -0.05117211597354924 -0.0797354660801165 -0.02643958884239056 0.042153809780478335 0.09022475871926966 0.07130016526914491 0.1198570575320834 0.0021954605586860243 1.493823398075906e-16; -0.01343236642621165 0.3478706400147371 -0.45222463894006026 -0.572918217642973 0.13089101769278474 0.07673073095918019 0.07572858289399975 0.04110668550048596 -0.06425825532080992 -0.04227087257803623 0.46138374158994255 -0.09894757854689362 -0.02612519140961045 0.00689430013507647 -0.004994120793228529 -0.19132387543365706 0.19438512810440545 0.10603190818390619 0.025472382016961156 -4.8475911567662334e-17; -0.4605637483499651 0.37096437998066645 0.3709643799806665 -0.24467454560400986 -0.24467454560400975 -0.18963581618503383 0.04741634722452437 0.047416347224524334 0.29120478159858076 0.29120478159858054 -0.2065697453278513 -0.2363446734140573 0.021769529405872998 0.051754606019433214 -0.04884105752383175 0.021810740907661184 0.2604626690688747 -0.08071485835347861 -0.06294957264714741 -9.92176511623926e-18; 0.1114415250420941 0.03275417509638506 0.032754175096385 0.032754175096385035 0.03275417509638504 0.005720832272040919 -0.1668210867774091 -0.16682108677740912 -0.034970265072416344 -0.03497026507241631 0.1399493417847018 -0.631045486247725 0.6486530964199543 -0.0825942904012301 0.06554301525245591 0.1959643880910604 -0.1923127528784999 0.001744874832628994 0.009501459146629709 -1.0810127715514224e-18; -0.03323551371573461 -0.03323551371573465 -0.03323551371573465 -0.03323551371573458 -0.03323551371573466 -0.030371822711683177 -0.08121710694759042 -0.08121710694759035 -0.14767085518944298 -0.147670855189443 -0.013794877537072411 0.18397192782058328 0.18397192782058336 -0.0705587890993725 0.588303146720784 0.003495855528581779 0.3873734595692595 -0.6063937557379246 -0.0020435795209990046 -1.9751843243584152e-17; 0.13241082953613834 0.1324108295361384 0.13241082953613847 0.13241082953613842 0.13241082953613853 0.1324108295361384 -0.31583226491283856 -0.31583226491283856 -0.17559960511736672 -0.17559960511736683 -0.20921814297315167 -0.08427557295730888 -0.08427557295730889 -0.16159200841583626 -0.07021646630985849 -0.07021646630985842 0.5936229036200803 0.4107823715581371 -0.1362122824113154 -1.648830491524869e-17; -0.20231419866521888 -0.20231419866521907 -0.202314198665219 -0.20231419866521894 -0.20231419866521896 -0.20231419866521894 -0.20231419866521885 -0.20231419866521894 0.09367772300217944 0.09367772300217929 -0.09367605188213979 0.4983077914526568 0.4983077914526569 0.09367772300217944 0.0020128590828307757 0.0020128590828309006 0.002012859082830925 0.3707909106011046 0.05771140144244202 -5.043930782651425e-17; -0.0578460328738884 -0.05784603287388851 -0.05784603287388848 -0.05784603287388848 -0.057846032873888474 -0.05784603287388845 -0.05784603287388847 -0.05784603287388844 -0.05784603287388854 -0.05784603287388849 -0.16649078626665476 -0.1664907862666548 -0.16649078626665484 -0.057846032873888474 0.05079872051887767 0.05079872051887776 0.05079872051887771 0.05079872051887769 0.9325838383372276 1.7114243366647609e-18; 0.08110756866455336 0.17262321133404915 0.1726232113340491 -0.10761743318506609 -0.10761743318506609 0.23376094251153726 -0.2754314748016372 -0.27543147480163727 -0.40424637244662115 0.6222868224013683 0.14056092924932256 0.1588657555657591 -0.14218827340564844 -0.12962532011580985 0.06665186123663662 0.06639545241806806 -0.2371045972042104 -0.07219554518877473 0.03658216961912803 2.620897737904631e-17; 0.010392440498907092 0.010392440498907125 0.010392440498907085 0.010392440498907165 0.010392440498907116 0.00276033634573128 -0.22197523517348935 -0.22197523517348933 -0.0729469495203819 -0.07294694952038205 0.0047819500107370155 -0.12612555092768304 -0.1261255509276833 0.9190733720707347 0.05153776326152909 -0.07311102296191069 -0.03617361925793935 -0.06506083061772289 -0.01367468010258556 -4.024023901718617e-18; 0.040367064552078946 0.04036706455207897 0.04036706455207899 0.040367064552078974 0.040367064552078995 0.037503373548027484 -0.061338771319745126 -0.06133877131974519 -0.05954999632467921 -0.05954999632467918 0.16100174206628942 0.19849712728112326 0.1984971272811233 0.05079955590374766 -0.7519349503257465 0.19523038727244169 0.23943234462182375 -0.4325444044605649 0.14345990934018846 -1.0907371542041073e-17; -0.12106219988809613 -0.09895535907041789 0.17144491196847028 -0.3545656854100394 0.50819149816196 0.4613898829079807 0.20807740159016755 -0.1965106764054936 0.07043177210569723 -0.0391884348493098 -0.3962512470921488 0.06010041394523437 0.16515285739472088 0.009955112229107638 -0.03447044562185856 -0.18295437833092926 -0.16383732809139548 -0.10110342239419351 0.03415532685054434 9.023966526670935e-17; -0.05129891760425763 -0.05129891760425763 -0.05129891760425765 -0.051298917604257616 -0.051298917604257636 -0.05129891760425764 -0.05129891760425762 -0.051298917604257616 -0.05129891760425762 -0.05129891760425766 -0.05129891760425763 -0.05129891760425763 -0.05129891760425764 -0.051298917604257636 -0.051298917604257616 -0.051298917604257636 -0.051298917604257636 -0.05129891760425763 -0.051298917604257636 0.9746794344808964; -0.22360679774997896 -0.22360679774997905 -0.22360679774997905 -0.22360679774997888 -0.22360679774997894 -0.22360679774997902 -0.22360679774997894 -0.22360679774997888 -0.22360679774997888 -0.2236067977499792 -0.22360679774997896 -0.22360679774997894 -0.223606797749979 -0.22360679774997902 -0.2236067977499789 -0.22360679774997902 -0.223606797749979 -0.223606797749979 -0.223606797749979 -0.22360679774997905]

const Lambda = [-1.0526315789473693, -1.0526315789473693, -1.0526315789473693, -1.0526315789473688, -1.0526315789473688, -1.0526315789473688, -1.0526315789473688, -1.0526315789473688, -1.0526315789473688, -1.0526315789473688, -1.0526315789473688, -1.0526315789473688, -1.0526315789473688, -1.0526315789473688, -1.0526315789473684, -1.0526315789473684, -1.052631578947368, -1.052631578947368, -1.0526315789473677, -4.0453751345209015e-16]
