
5

(((t3:0.05838514,t2:0.05296565)1.000000:0.47015763,t5:0.02250656)1.000000:0.44943338,t4:0.06520350,t1:0.06416904);

0.44943338 0.0652035 0.06416904 0.47015763 0.05838514 0.05296565 0.02250656

-0.00882303960065467 0.0032272880761998746 0.03524512434052207 -0.047727779994856334 -0.12476104122349607 0.030556009547715313 0.042384213350017075


Hessian

-192.0 83.74 61.15 38.73 -115.6 67.11 -97.25
83.74 -1749.0 -579.5 27.58 345.9 351.2 54.23
61.15 -579.5 -1841.0 20.63 244.2 312.9 100.4
38.73 27.58 20.63 -171.2 45.48 39.38 -124.1
-115.6 345.9 244.2 45.48 -1987.0 -906.6 53.73
67.11 351.2 312.9 39.38 -906.6 -2178.0 -6.667
-97.25 54.23 100.4 -124.1 53.73 -6.667 -1004.0
