
5

(t5:0.0222385101,(t4:0.0652116861,t1:0.0642444199):0.4505265950,(t3:0.0583357588,t2:0.0530077153):0.4705223565);

0.450526595 0.0652116861 0.0642444199 0.4705223565 0.0583357588 0.0530077153 0.0222385101

-0.12847419252095538 -0.02582821691188042 -0.0899841300523665 -0.0006949257794821584 -0.00940655621616715 0.00031441496555473236 0.1392965534287603


Hessian

-191.0 83.82 61.25 38.74 -115.0 67.12 -97.18
83.82 -1747.0 -579.3 27.76 346.3 351.3 54.81
61.25 -579.3 -1836.0 20.91 244.6 312.9 100.6
38.74 27.76 20.91 -170.9 45.74 39.53 -124.2
-115.0 346.3 244.6 45.74 -1989.0 -907.1 54.15
67.12 351.3 312.9 39.53 -907.1 -2175.0 -5.786
-97.18 54.81 100.6 -124.2 54.15 -5.786 -1005.0
