
5

(t5:0.0000117202,(t4:0.0668456961,t1:0.0600185307):0.6030024668,(t3:0.0550276982,t2:0.0527651667):0.6315287862);

0.6030024668 0.0668456961 0.0600185307 0.6315287862 0.0550276982 0.0527651667 1.17202e-5

0.004248888313627152 0.27630067757685994 0.02145404725060683 0.003372359673792834 -0.16275325224404352 -0.0008618585422049541 -26.09189381647412


Hessian

-93.62 73.96 47.83 25.04 -29.15 54.6 -48.78
73.96 -1546.0 -845.0 40.88 398.3 404.0 117.4
47.83 -845.0 -1691.0 36.61 326.4 370.0 90.21
25.04 40.88 36.61 -83.49 42.41 44.21 -58.64
-29.15 398.3 326.4 42.41 -1902.0 -1259.0 81.89
54.6 404.0 370.0 44.21 -1259.0 -1978.0 92.57
-48.78 117.4 90.21 -58.64 81.89 92.57 -236.5
