U = [-0.1305935533143054 -0.22264708641624503 0.032420853540062335 0.03916238499948995 -0.035109312180672106 -0.44207206027905543 -0.39677045719696413 -0.07504756162709196 -0.09478603092955146 -0.09329274621892987 0.2172205491219962 0.06136819926811152 -0.23013105419897714 0.010127143743506444 0.01982302759313661 0.14373989221624403 0.0033027007183169302 -0.046660745960135475 0.05366923914212767 0.22360679774997916; -0.0036763102536883146 -0.029642973432142592 0.015338268020259279 0.1700125446517973 -0.12717969590206435 0.40499190448743516 -0.45694629210707705 -0.06710532713927182 0.19553898108041726 0.002008781077181633 -0.03720328898270142 -0.04877869941583231 0.08931829142649603 0.5475569849442071 0.06090553651341948 -0.2688262607187545 -0.07468055758377348 0.06578940040372197 0.15842931388867398 0.22360679774997919; -0.013515888278940924 -0.23525792389904832 0.057680128934297525 0.5662808439767737 -0.36379995350497846 -0.19737027925906048 0.3560169161460717 0.1031698322796908 0.11885090770592374 -0.11678317277142188 -0.45742459932696705 0.13007486367243015 -0.08835814171971604 -0.10737709771073002 -0.029070695732359726 -0.013956546538961423 -0.0636095868992295 0.04578479127618212 0.17150956438121037 0.2236067977499789; -0.001305122008784508 0.007426953432152367 -0.015453935233486987 -0.384560513326617 0.061925431918560966 -0.04260512053761354 -0.25978768273172487 -0.11367788962966299 0.37483793378883906 -0.04592004311004472 -0.2711322859019147 -0.01681265185850414 0.08932818899253611 -0.5705616319699474 -0.015696706563154562 -0.0788595536463561 -0.08789995847037406 0.06203625755062568 0.2547951556442745 0.22360679774997896; -0.054184603457656445 -0.0528617007587735 0.005276857552455335 -0.02820266287031064 0.008396302707084746 0.05409838848603087 0.16295477712419937 0.030775246641810968 0.006852463863439671 0.2312859856542534 -0.3568367051812364 -0.9372516069780948 -0.7875695140378082 0.056751460631502146 -0.017814092053292034 0.15009698000452387 -0.02042614992557476 -0.02979147737569836 -0.06434663806749667 0.2236067977499788; -0.010308829179093619 -0.0198979143381106 -0.08180004720836212 -0.5520065987491678 -0.6094270264924951 -0.0028066455960253757 0.1401759630763976 0.21719496033290064 -0.4025860225616442 0.08075404522556297 0.0791397707109002 -0.00607674450026649 0.04423450758422683 0.058987166132220104 0.022471223919014544 -0.17553137229258373 -0.056567762330244103 0.040462595653750766 0.14521106784022544 0.22360679774997896; 0.001019079611164686 0.007800896332087435 0.02123062966810466 0.3269323956305611 0.09332054041379247 0.15123747129398885 0.06807234300610433 0.018413353220435545 -0.20383098875506198 0.10053822979921877 0.3509261448963753 -0.10444512362006879 0.12163482266314721 -0.39030180977400863 0.021742371688539503 -0.16241684424083203 -0.08368828072020033 0.05212285721186402 0.22895732556243667 0.22360679774997916; 0.004345709269658476 -0.021795337841773753 0.0005548917593193502 -0.03120088825012799 0.023644284736152557 0.07888540728985471 0.0677757139062711 0.02063258620221559 0.007329280830276167 0.08137320024082217 4.2245983182002906e-5 -0.04505516260230657 0.2598442450237055 0.18751364977258744 -0.0973350871937993 0.765307122107237 -0.06941799109285587 0.013871171471299012 0.21504922306838622 0.22360679774997888; 0.0006302559853907536 0.03674118490103499 0.011343006404253978 -0.006635747185139301 0.5764984062764362 -0.05746578728109432 -0.3664220849533185 0.5821519738486985 -0.5914719947148815 0.4107707589200354 -0.5564543175511303 0.15535634516428767 -0.059388053393086955 0.10052080498079037 -0.14658918895498504 -0.14536906355610527 -0.01583296661988641 0.1088918098412491 0.05172576160257701 0.22360679774997905; -0.7234013539559133 0.18397462773265116 -0.014787933960051155 0.020031990187319302 -0.028276372122448632 0.03158263305708573 0.06536381299705997 0.11763099515349915 0.19841009531067766 0.26511288039756703 0.033683758739717365 0.04644541928987477 0.03554215134022497 -0.04272976666515594 0.1024412831446433 0.0018300049795673375 -0.07447640580338612 -0.13541342987234525 -0.26833516131156615 0.22360679774997846; 0.07200312070730278 -0.06418715493319883 -0.15343536454375453 0.041603350882706995 0.032419891745413654 -0.02157484816871038 -0.02627709691746968 -0.21624044619861432 -0.2345274792569181 -0.17459583836604828 -0.17243372783973712 -0.053456928856871935 0.1832837908219826 -0.030684838585643213 0.06090238011213274 -0.02768397950838902 -0.059914023835782114 -0.10362518394537773 -0.29698854284986115 0.22360679774997896; 0.004634681530387073 0.03871057848681297 -0.01662215527211243 -0.13348693392118402 0.27408308838716927 -0.46247878336207365 0.3914115590842358 -0.05882215127314763 0.12838448615340992 -0.043149627712887245 0.07197454976336669 -0.029107396517986165 0.07586318324649872 0.3734162165503494 0.05764271445081772 -0.24763176517576502 -0.07909072151359586 0.05233024103502334 0.17815422108520365 0.2236067977499792; 0.14618194209032634 0.21916610766191616 0.9755900326684628 -0.15450752970097084 -0.024982122573931797 0.04001802173187208 0.047571824022912566 -0.13613805212046612 -0.17046569233658684 -0.09812701307938429 -0.08736087615240028 -0.009812513503330242 0.08565559112452359 -0.005377359074906265 0.06193356883134881 -0.022781271403086834 -0.06038153707310731 -0.08526755508618125 -0.21941686108650316 0.2236067977499785; -0.0009309232044146386 -0.008839233025680895 0.006463835370122347 -0.007670924491450757 0.01707097764526285 0.0056393585101022 -0.04248923012077276 0.4739316055130304 0.20705495235137433 -0.5147428646962221 0.1915959325142362 -0.08885197938605 0.08246482134678007 -0.022777750611802407 -0.30841658008944667 -0.049746733786496286 0.040442390674510956 0.12301185731627812 -0.3635377905356906 0.22360679774997927; -0.0035716858214894557 -0.018534167244006933 0.007376266483435321 0.006605884641544845 -0.00019979250432571917 0.017700082629225015 0.030917351263000655 0.009476035703771854 0.033207288786332126 0.03562689865420408 -0.03373955490701776 -0.029519875555373182 0.10502612872917888 0.0012367153432960537 -0.04423735674218054 -0.08983315976281776 0.7963621526520072 -0.2090889020303598 0.17386511568754257 0.22360679774997888; 0.11824717910282578 0.766874805352921 -0.10120724820029976 0.04767752497882443 -0.005702338180797761 0.11790552775226404 0.023972565938751304 -0.0679687876292906 -0.06076499986139738 -0.20850091985981398 0.0008770066147373398 0.10154182387916105 -0.24979337272032692 0.004339842325526684 -0.0006725526886375363 0.0926852483558739 0.0034781011042590948 -0.014468556636568809 0.10552707923133176 0.22360679774997871; -0.0924621449782101 -0.4585761930861681 -0.0011263625591736621 -0.2031941058331252 0.21706900676026566 0.5766062713841572 0.27693272515737555 -0.054619480215628166 -0.02296210916293791 -0.18001413655424378 0.05584832231282606 0.15650628758316384 -0.27603744629948984 0.010146575671454307 0.0372553628357833 0.029249457783742175 -0.02171806437079366 -0.039689665837740425 0.03880861881950852 0.2236067977499789; -0.005049788538965407 -0.0014274950833847058 -0.0035966948257653516 0.00018288709663857826 0.006652403813911343 -0.014988363226018528 0.014721358941965435 0.014185756509281479 -0.00388075104890614 0.017270971252269358 -0.018576584216733527 0.015698446300155933 -0.01091978228139001 -0.1173578437910399 0.7670910103815728 0.34767215564411513 0.5479003651080073 0.8870978528660584 -0.45385400548985355 0.22360679774997932; -0.0014278066480838802 -0.004915719563168595 -0.00815380858166114 -0.00801559532474396 -0.086167892201745 0.004282741564103349 0.0956336881831223 -0.4889384607627828 0.007799846042155853 0.43010751746534903 0.06635003185149602 0.088643401329432 -0.08567741785797928 0.026530444645991826 -0.49449884733544025 -0.09962859215681327 0.08751273020602343 0.25998973578486234 -0.2938760267587074 0.2236067977499793; 0.6381437509792796 -0.05230811893902831 -0.04019839651429968 0.006407161537134342 -0.02844595532694477 -0.023141300738137707 0.004511432627159021 0.15606076751403608 0.23750342281555098 0.30068516747356844 0.11357921411646218 0.05888210880462594 -0.058131989290567974 -0.036769616509962424 0.09880735872075042 0.02660984706071357 -0.0612037094783962 -0.12650082912120242 -0.20892019138799825 0.22360679774997919]

Lambda = [-2.1161606626970455, -1.7991149374979654, -1.6534259034266567, -1.4587313839945053, -1.4335193755674422, -1.3370757045317134, -1.2517445332276977, -1.168395566986047, -1.0633782399124196, -1.0048436624065256, -0.9856562164391462, -0.9168245731055463, -0.753915171341259, -0.6082540267471823, -0.5461727623869491, -0.4876784145243729, -0.43276544120259913, -0.4055320539739624, -0.26718073652624497, -7.706223168407267e-16]

U_inv = [-0.16032384621529325 -0.0031932209580311337 -0.008809324998172616 -0.0010750768763392714 -0.01088419208352263 -0.00652536375359464 0.0011327207070861434 0.0038688530618735326 0.0002187652414290947 -0.6981616653760468 0.1107715718223874 0.0046487807872522754 0.05209331771494749 -0.0006114506369621769 -0.002442346180835577 0.11235891885063215 -0.07650184039201623 -0.0009460698647954929 -0.0007571995788004902 0.6851386687287999; -0.3060245604841459 -0.02882713370311032 -0.17167425900338845 0.00684954921346426 -0.011888424724488603 -0.01410151656822815 0.009707828956044079 -0.021724413205882885 0.014278328901819709 0.19879135621923394 -0.11055744841380687 0.04347220949251908 0.08744290298123794 -0.006500174436093326 -0.014189592756760003 0.815838346873793 -0.4247978457449936 -0.00029942462895964084 -0.0029187099925136774 -0.06287701897573861; 0.10048406123516618 0.03363484948815528 0.0949118879978443 -0.032138369972400944 0.00267603641931715 -0.13072097789923798 0.05957635830920721 0.0012471715438061581 0.009939988214585693 -0.03603135004698678 -0.5959348985103284 -0.042092319284634146 0.8777119183686624 0.010718504224862702 0.012734060841274708 -0.2427866093930165 -0.002352786261370629 -0.001701178783519261 -0.010916862152696008 -0.10895948433868927; 0.06528437741420187 0.20052177161328225 0.5011799167815166 -0.43014694819223404 -0.007692617949694551 -0.47446414886280613 0.4934423652497547 -0.037718314294929056 -0.0031276267773475905 0.02625212903434817 0.08690986194279696 -0.18181163734616185 -0.07476557695373906 -0.006841620863642463 0.006133787225889455 0.061516867800185775 -0.2282878377311136 4.652611952609721e-5 -0.005772188391079302 0.009340914181244865; -0.0733512666527935 -0.1879937926896861 -0.4035242048659915 0.08680932189030412 0.002870233954125209 -0.6564868104998307 0.17652283114915196 0.03582256339283642 0.3405401824732752 -0.046441825470474304 0.08487845601184885 0.46785397279063395 -0.015150485046508023 0.01908160280851367 -0.00023249952727132962 -0.009221013215268362 0.30564313800757725 0.0021209846850789296 -0.07776699998086742 -0.051974389214655116; -0.5725330232895254 0.3711028135571186 -0.13570969808301855 -0.03702382591291382 0.011463987819747907 -0.0018741918665222358 0.17733939558251105 0.07408824867113625 -0.021042715901516802 0.032155562091792954 -0.035015137503575954 -0.48937533165316927 0.015044404280237532 0.003907584158408552 0.012768513936853961 0.11819034997860435 0.5032900794958136 -0.002962342814641616 0.0023960392152651286 -0.026210711762605178; -0.596302949285742 -0.48588469359659275 0.2840664331934249 -0.2619740103946823 0.04007178050381899 0.10862259566973749 0.09262680224498658 0.07386639653102972 -0.15570201319562066 0.07722631381398565 -0.04948865223279298 0.4806224604341917 0.020753403928795464 -0.034164703261760916 0.025881384021447636 0.027885762839408648 0.28050037309520953 0.003376363243906017 0.06208734859468178 0.005929603852568317; -0.15895061577078565 -0.10055948893588389 0.1160112237208088 -0.16155248922026016 0.010665251092181745 0.23718890548177515 0.03530992991361398 0.03169016348160275 0.34861571451181256 0.19586087796154503 -0.5739356100535065 -0.10179098530040658 -0.08369838280529504 0.5370472066024365 0.01117917884602583 -0.111423175168553 -0.07796590526628716 0.004585131146056243 -0.44734687623266595 0.2890699459957857; -0.1705225091913505 0.24889212486066542 0.11351716443660204 0.45247327681642097 0.0020171028558414114 -0.3734350413024993 -0.33200599856686935 0.009561893932320653 -0.3008545055433707 0.2806088988210288 -0.5287272894200234 0.18870904191132587 -0.08901972924839927 0.19929397092197082 0.03327579060262521 -0.08461186269765095 -0.02784073446830858 -0.0010654345903027829 0.006061609941027432 0.37367222992894705; -0.17090024717623037 0.00260356157387108 -0.11357865939132877 -0.05644287453706669 0.06932470744494182 0.0762742768321521 0.16674944242508022 0.10809892932703338 0.21275476264025578 0.3817912218956317 -0.40080147887876055 -0.06458247023040019 -0.052178945573864946 -0.5044943539518609 0.036352176553816104 -0.29562636744786275 -0.2222454914933168 0.0048281995039192865 0.34035836302891576 0.481715247455075; 0.4243422358478998 -0.05142059762545542 -0.47441293779332505 -0.3553927890228658 -0.11405879722970882 0.0797129972831718 0.6206823864902088 5.9847492327735896e-5 -0.3073476002618211 0.0517292519732062 -0.42212219187621297 0.1148780608055066 -0.04953865828617443 0.2002501267497005 -0.03671235881181434 0.0013260460319416516 0.07352872223097681 -0.0055380241623737975 0.0559913666918133 0.19404291347299643; 0.2812401293639886 -0.15816287716701807 0.31648194814886554 -0.05169900111885958 -0.702803663339987 -0.014358989708925345 -0.43337157269986126 -0.1497351125132892 0.20130189431372578 0.16733126496216574 -0.3070001076888803 -0.10898834483616887 -0.013053473213871965 -0.2178573305485258 -0.07535394929401461 0.36017971256216136 0.48338952313103645 0.010979036102590933 0.17548698018047193 0.23599393336439636; -0.5761122136744923 0.1582022636747965 -0.11743568459673383 0.15004875898151634 -0.32260022503872055 0.057096837120481664 0.2756945141979842 0.4717263553101685 -0.04203546953225015 0.06994809070377618 0.5749850175482514 0.15516926513426693 0.06224428433495148 0.11045153084842246 0.14644913144685354 -0.484008674935774 -0.4657269726834132 -0.004171761457421971 -0.09265370796943381 -0.12727133941323093; 0.01395140618564307 0.5337043753771635 -0.07853519470773213 -0.5274066426414717 0.012792398096361918 0.04189937449383623 -0.486821686451947 0.18733075288179174 0.03915362017955647 -0.04627664090991864 -0.05297310942176588 0.4203073348744781 -0.0021503638584097024 -0.016788542867907708 0.0009489828081476123 0.004627488392015218 0.0094206754397336 -0.024672704807929564 0.015788472572706273 -0.0442999956343518; 0.06813685027215158 0.14811848883685907 -0.05305045935023336 -0.03620200556627703 -0.010018891518518291 0.03982518429390791 0.06766394687138784 -0.24262004186934502 -0.14246197710805147 0.27681356923275313 0.26232938914758736 0.1618822672112904 0.06179453669033547 -0.5671800505428951 -0.08469520522097754 -0.0017892818626931341 0.08630429318714439 0.40237648628508865 -0.7342465784507357 0.29701947946122176; 0.22535160884176303 -0.2981916446562202 -0.011616705271848188 -0.08295635962235191 0.03850341196475425 -0.14189173357373996 -0.23054343448822445 0.870090217486778 -0.0644377396562474 0.002255464089186621 -0.054389176259818234 -0.3171994951601398 -0.01036748013606279 -0.041727184417981754 -0.07844722960850155 0.11246939119268914 0.03090528139369618 0.08318152740719913 -0.06747329529902707 0.03648457577409792; 0.007425340540170897 -0.11879417286611324 -0.07592615112831488 -0.13260132018660625 -0.007514110617022646 -0.06557452497292082 -0.17035314026858034 -0.11317861609648279 -0.010064551077477724 -0.13163341909214338 -0.16880148274198292 -0.14528322725623674 -0.03940607913656257 0.04864689625350148 0.997275969026682 0.006052429446879884 -0.03290787246737138 0.1879846453150463 0.08499296260315212 -0.12033957527761674; -0.19041032468011376 0.1899481969307111 0.0991931562739962 0.16986207668096998 -0.019891831440777212 0.08513566911627173 0.1925774240148458 0.04104848558837485 0.12563741410883428 -0.434411037928511 -0.5299132083701638 0.1744754540123662 -0.10100306020927614 0.26856966250911685 -0.4752557557606786 -0.04569875862158365 -0.10915604530492548 0.5524385497340809 0.45831027952801967 -0.45145634618156105; 0.0918588423337185 0.191854284300067 0.15584954118978983 0.2926164377411373 -0.01802043641162107 0.12814871245855639 0.3548039250638074 0.2669184474513331 0.02503152910680015 -0.361055039258725 -0.6369947296667917 0.24913482098604575 -0.10901278455198112 -0.3329018850647112 0.16575459263708492 0.13979763537889436 0.044766717441346554 -0.11854557142950789 -0.2172822593099896 -0.3127227803952536; 0.35359353303931446 0.2501754816252096 0.18772666646577937 0.2372555259601748 0.05785597639279051 0.18231538212256743 0.32014200182082314 0.2564185832310958 0.09997450683206113 0.27797427788752394 0.4431032420506207 0.28889970569782414 0.10263989978127933 0.1891801106075507 0.19695268266416288 0.2736810274995205 0.2383064778780708 0.053960746092842536 0.15274566479656154 0.30923446255380493]
