      -2448     -16.12      20.38     -114.1      122.7      40.09      72.85      36.92     -139.9      214.7      10.95     -91.11      95.76      150.6     -59.77     -92.76     -29.95     -47.64      71.75     -88.55     -303.3       37.7      69.99     -143.1      68.61      52.52     -42.97     -223.8     -19.82     -10.21      104.1      295.9     -52.95      29.81     -111.5     -522.2      260.9
     -16.12      -1006      16.06      75.85     -53.47     -29.25      3.206      60.74     -172.6      106.6     -54.03      -88.3      59.37     -47.87     -109.3     -80.19     -10.17      57.34     -8.771      30.46     -15.82      122.8      70.26     -66.56      3.058    0.02055      -69.3      66.79     -22.35      38.68      105.4      290.9      5.973     -77.75     -13.34      239.7      250.2
      20.38      16.06      -1011      123.3      61.67     -25.75      5.311      43.32      136.7      118.6     -14.72      51.28      40.83      25.94      48.74      24.37         54     -43.16     -43.97     -111.1       -6.8     -36.36      -31.3      8.945     -16.21     -47.03     -6.034     -6.783     -91.96      46.15      110.7      301.2     -111.9    -0.9693      25.09      232.9        243
     -114.1      75.85      123.3      -1891     -431.6     -33.34      2.133       -171      56.61     -264.3     -85.19     -56.72      -31.9     -83.36      98.36     -52.56      2.172     -53.03      115.5      27.85     -139.8      20.29     -388.5      22.87     -115.1     -47.61      51.11      16.72      52.12     -69.86      100.8      285.1      84.58     -34.51     -87.73      -1587      213.6
      122.7     -53.47      61.67     -431.6      -4073     -98.14     -22.91     -24.04     -173.7      93.69      124.8      173.6      202.5     -54.97      34.78     -80.14      49.46      19.03      199.6      240.2      105.7     -94.13     -99.07      29.74      65.05     -140.8     -216.5     -55.37      2.241     -16.68      109.4      303.6      215.7     -57.25      51.61     -33.26     -951.6
      40.09     -29.25     -25.75     -33.34     -98.14      -1388     -31.68      -73.4     -16.07     -179.9       1.57      66.65     -148.5     -97.23      31.32      39.55       10.9       51.2      49.46        120      97.43      57.45     -77.19      81.94      64.63       41.2     -174.1     -144.8     -27.12     -17.75      102.8        265      133.5     -43.64      34.76      -1597       -511
      72.85      3.206      5.311      2.133     -22.91     -31.68     -886.4     -18.72      68.67      36.13     -7.132      11.73      67.87     -56.68     -4.252      121.3     -111.4     -65.14      21.75     -31.96     -127.1     -2.962       76.4      57.79     -19.91         27      9.568     -17.01      78.43      73.89      108.9      284.1     -60.33      59.94      41.15      32.82     -583.5
      36.92      60.74      43.32       -171     -24.04      -73.4     -18.72      -1038      211.9      179.3      86.13      28.91      109.5     -61.23      36.48      -12.9     -69.94      15.17     -85.32      59.78      62.35      53.98      81.98      33.94      56.05      82.47        144     -76.94      70.14      49.74     -474.1     -972.9      141.7    -0.6354      46.05      37.33     -248.3
     -139.9     -172.6      136.7      56.61     -173.7     -16.07      68.67      211.9      -4070     -301.2      25.21      7.016     0.8147      181.9      188.6     -154.5     -84.32      41.86      228.1      115.6      97.96     -75.06      6.813      127.9     -88.95      39.38      83.99      204.3     -68.92      129.6      149.9      279.4      52.14      21.84     -199.4      169.7      256.8
      214.7      106.6      118.6     -264.3      93.69     -179.9      36.13      179.3     -301.2      -6118      132.2     -142.9       -190      124.9     -52.08     -132.8     -216.6     -30.93      77.47     -207.6       -101      112.2     -128.5      33.81      39.85      113.9      135.4     -25.24     -151.5       53.2      146.3      273.2       -172     -153.9      7.881      170.5      256.6
      10.95     -54.03     -14.72     -85.19      124.8       1.57     -7.132      86.13      25.21      132.2      -1566      40.02      56.29     -68.39      102.4      -64.9      148.4      12.09     -277.5      1.455     -214.5        144      3.713     -32.09     -25.47      5.563     -69.11     -19.92     -13.69     -30.43     -61.18        143      163.3      64.49     -108.8      -1554      239.3
     -91.11      -88.3      51.28     -56.72      173.6      66.65      11.73      28.91      7.016     -142.9      40.02      -1492     -206.1       5.69     -114.2     -68.98     -8.843     -26.41     -76.36     -42.08       89.6      50.86     -20.03     -29.23     -93.43      36.23     -78.35     -85.86      53.12     -87.13      69.52      264.5     -5.818     -21.06     -143.1      252.4      217.7
      95.76      59.37      40.83      -31.9      202.5     -148.5      67.87      109.5     0.8147       -190      56.29     -206.1     -809.2      15.41     -57.25      5.275     -9.406      33.41     -73.36      55.05      97.89      9.598      23.58      79.37     -25.34      8.622     -41.51      13.04     -52.27     -55.61     -441.5     -218.9      25.56      20.21      54.19      263.6      238.3
      150.6     -47.87      25.94     -83.36     -54.97     -97.23     -56.68     -61.23      181.9      124.9     -68.39       5.69      15.41      -1459      14.54      75.41     -145.3      20.78     -165.3      41.19     -138.1      60.92     -80.86     -44.82      20.98      131.4     -21.79      87.27     -31.75     -19.22      53.19      238.9      103.1     -17.82      21.87      193.1     -796.5
     -59.77     -109.3      48.74      98.36      34.78      31.32     -4.252      36.48      188.6     -52.08      102.4     -114.2     -57.25      14.54      -1757     -149.7      34.36      53.42     -176.1      40.22      139.3      69.62     -26.41     -38.98     -30.66      16.69     -49.29      72.96      25.45      38.83      70.82      265.6     -33.43      12.04      -51.1        204     -182.9
     -92.76     -80.19      24.37     -52.56     -80.14      39.55      121.3      -12.9     -154.5     -132.8      -64.9     -68.98      5.275      75.41     -149.7      -1368      16.54      -21.5      40.54      84.69      21.07      11.72      91.46      12.83      17.93      39.17     -42.53      39.18      10.34      79.72      68.19      259.8      137.1    -0.5153     -21.92      235.2      23.38
     -29.95     -10.17         54      2.172      49.46       10.9     -111.4     -69.94     -84.32     -216.6      148.4     -8.843     -9.406     -145.3      34.36      16.54     -918.7      37.28      84.68      58.33      56.67     -15.14      135.8     -33.65     -19.67      -3.17      88.85      102.3      49.85       46.6      63.53      253.1      17.57     -24.38      -76.9      243.3     -110.6
     -47.64      57.34     -43.16     -53.03      19.03       51.2     -65.14      15.17      41.86     -30.93      12.09     -26.41      33.41      20.78      53.42      -21.5      37.28     -373.4     -38.31      19.58      49.61     -15.64     -73.25     -4.646     -8.846      51.84     -26.51     -7.003     -31.07     -57.78      60.23      237.2     -60.37      -13.2      -46.4     -356.2      90.08
      71.75     -8.771     -43.97      115.5      199.6      49.46      21.75     -85.32      228.1      77.47     -277.5     -76.36     -73.36     -165.3     -176.1      40.54      84.68     -38.31      -3644     -141.3     -40.28      -42.5     -90.55     -132.1     -15.81      37.01       -213      10.08     -198.5      13.21      -2215      -1870      43.46      53.02     -13.59      237.4      258.8
     -88.55      30.46     -111.1      27.85      240.2        120     -31.96      59.78      115.6     -207.6      1.455     -42.08      55.05      41.19      40.22      84.69      58.33      19.58     -141.3      -1461     -230.5     -167.7     -19.47      31.07     -26.25      -26.9      31.48     -2.894      15.41       53.8      48.31       -572     -166.4        -90     -3.592      267.5      258.1
     -303.3     -15.82       -6.8     -139.8      105.7      97.43     -127.1      62.35      97.96       -101     -214.5       89.6      97.89     -138.1      139.3      21.07      56.67      49.61     -40.28     -230.5      -1929         16     -8.243     -51.63      10.98     -9.931      112.6      17.78      19.86        100      110.1      159.4     -25.77      44.22     -74.43      234.2      242.9
       37.7      122.8     -36.36      20.29     -94.13      57.45     -2.962      53.98     -75.06      112.2        144      50.86      9.598      60.92      69.62      11.72     -15.14     -15.64      -42.5     -167.7         16     -742.9     -28.15      42.22      19.12     -49.22    -0.8335     -4.029     -12.07      43.73      65.78     -437.7     -148.6      -64.3      8.161      137.8      -43.8
      69.99      70.26      -31.3     -388.5     -99.07     -77.19       76.4      81.98      6.813     -128.5      3.713     -20.03      23.58     -80.86     -26.41      91.46      135.8     -73.25     -90.55     -19.47     -8.243     -28.15      -1803     -17.45      -26.8      33.32     -300.4      62.55     -21.64     -5.768      106.2      188.4         42     -38.97     -21.59      -1907      246.8
     -143.1     -66.56      8.945      22.87      29.74      81.94      57.79      33.94      127.9      33.81     -32.09     -29.23      79.37     -44.82     -38.98      12.83     -33.65     -4.646     -132.1      31.07     -51.63      42.22     -17.45     -782.3      39.17     -35.01     -46.36     -102.5      65.89      15.55      110.7      268.2     -47.46       -139      31.61        103      259.5
      68.61      3.058     -16.21     -115.1      65.05      64.63     -19.91      56.05     -88.95      39.85     -25.47     -93.43     -25.34      20.98     -30.66      17.93     -19.67     -8.846     -15.81     -26.25      10.98      19.12      -26.8      39.17       -672      41.84      42.58     -9.122      45.98        -13     -233.6      -49.2     -75.85      78.81     -12.23        105      240.9
      52.52    0.02055     -47.03     -47.61     -140.8       41.2         27      82.47      39.38      113.9      5.563      36.23      8.622      131.4      16.69      39.17      -3.17      51.84      37.01      -26.9     -9.931     -49.22      33.32     -35.01      41.84     -416.8     -59.77      27.94      29.36      1.381        112      232.5     -24.26      20.57      23.85      242.7      55.77
     -42.97      -69.3     -6.034      51.11     -216.5     -174.1      9.568        144      83.99      135.4     -69.11     -78.35     -41.51     -21.79     -49.29     -42.53      88.85     -26.51       -213      31.48      112.6    -0.8335     -300.4     -46.36      42.58     -59.77      -1813     -143.5     -34.64      24.28      51.86      217.7     -147.9      41.67      -81.6        231      212.5
     -223.8      66.79     -6.783      16.72     -55.37     -144.8     -17.01     -76.94      204.3     -25.24     -19.92     -85.86      13.04      87.27      72.96      39.18      102.3     -7.003      10.08     -2.894      17.78     -4.029      62.55     -102.5     -9.122      27.94     -143.5      -1703     -32.01       -124     -63.41     -777.5     -66.85      54.66     -11.67      -1032      232.8
     -19.82     -22.35     -91.96      52.12      2.241     -27.12      78.43      70.14     -68.92     -151.5     -13.69      53.12     -52.27     -31.75      25.45      10.34      49.85     -31.07     -198.5      15.41      19.86     -12.07     -21.64      65.89      45.98      29.36     -34.64     -32.01     -518.8      16.36      103.3      248.3      108.4      48.74     -9.322     -508.6     -224.8
     -10.21      38.68      46.15     -69.86     -16.68     -17.75      73.89      49.74      129.6       53.2     -30.43     -87.13     -55.61     -19.22      38.83      79.72       46.6     -57.78      13.21       53.8        100      43.73     -5.768      15.55        -13      1.381      24.28       -124      16.36     -854.4     -332.4     -186.6      72.58      23.45     -30.24     -461.5      226.3
      104.1      105.4      110.7      100.8      109.4      102.8      108.9     -474.1      149.9      146.3     -61.18      69.52     -441.5      53.19      70.82      68.19      63.53      60.23      -2215      48.31      110.1      65.78      106.2      110.7     -233.6        112      51.86     -63.41      103.3     -332.4 -1.104e+04 -1.157e+04      124.1        130      119.7      152.8      120.6
      295.9      290.9      301.2      285.1      303.6        265      284.1     -972.9      279.4      273.2        143      264.5     -218.9      238.9      265.6      259.8      253.1      237.2      -1870       -572      159.4     -437.7      188.4      268.2      -49.2      232.5      217.7     -777.5      248.3     -186.6 -1.157e+04 -2.825e+04        303      318.7      299.2      366.6      303.6
     -52.95      5.973     -111.9      84.58      215.7      133.5     -60.33      141.7      52.14       -172      163.3     -5.818      25.56      103.1     -33.43      137.1      17.57     -60.37      43.46     -166.4     -25.77     -148.6         42     -47.46     -75.85     -24.26     -147.9     -66.85      108.4      72.58      124.1        303      -1734      -62.3     -83.55      202.5        160
      29.81     -77.75    -0.9693     -34.51     -57.25     -43.64      59.94    -0.6354      21.84     -153.9      64.49     -21.06      20.21     -17.82      12.04    -0.5153     -24.38      -13.2      53.02        -90      44.22      -64.3     -38.97       -139      78.81      20.57      41.67      54.66      48.74      23.45        130      318.7      -62.3     -773.8     -1.028      168.7     -2.047
     -111.5     -13.34      25.09     -87.73      51.61      34.76      41.15      46.05     -199.4      7.881     -108.8     -143.1      54.19      21.87      -51.1     -21.92      -76.9      -46.4     -13.59     -3.592     -74.43      8.161     -21.59      31.61     -12.23      23.85      -81.6     -11.67     -9.322     -30.24      119.7      299.2     -83.55     -1.028     -829.3      187.6     -34.25
     -522.2      239.7      232.9      -1587     -33.26      -1597      32.82      37.33      169.7      170.5      -1554      252.4      263.6      193.1        204      235.2      243.3     -356.2      237.4      267.5      234.2      137.8      -1907        103        105      242.7        231      -1032     -508.6     -461.5      152.8      366.6      202.5      168.7      187.6 -6.093e+04      -3004
      260.9      250.2        243      213.6     -951.6       -511     -583.5     -248.3      256.8      256.6      239.3      217.7      238.3     -796.5     -182.9      23.38     -110.6      90.08      258.8      258.1      242.9      -43.8      246.8      259.5      240.9      55.77      212.5      232.8     -224.8      226.3      120.6      303.6        160     -2.047     -34.25      -3004 -2.032e+04
