
 20

((t7: 0.206363, (t19: 0.135246, t11: 0.045900): 0.251941): 0.077269, (t2: 0.233201, (t13: 0.056626, t18: 0.038207): 0.207811): 0.116120, ((((t1: 0.127373, t12: 0.162391): 0.111089, t9: 0.247141): 0.309279, t5: 0.613246): 0.080744, (((t17: 0.314143, (t14: 0.303407, t10: 0.356704): 0.064641): 0.087993, t6: 0.526890): 0.171502, ((t20: 0.411769, (t16: 0.000000, t8: 0.010019): 0.274434): 0.063585, (t15: 0.284658, (t3: 0.000685, t4: 0.016131): 0.267455): 0.106921): 0.077467): 0.005617): 0.137703);

  0.077269  0.206363  0.251941  0.135246  0.045900  0.116120  0.233201  0.207811  0.056626  0.038207  0.137703  0.080744  0.309279  0.111089  0.127373  0.162391  0.247141  0.613246  0.005617  0.171502  0.087993  0.314143  0.064641  0.303407  0.356704  0.526890  0.077467  0.063585  0.411769  0.274434  0.000000  0.010019  0.106921  0.284658  0.267455  0.000685  0.016131

  0.000000  0.000000  0.000000  0.000000  0.000000  0.000000  0.000000  0.000000  0.000000  0.000000  0.000000  0.000000  0.000000  0.000000  0.000000  0.000000  0.000000  0.000000  0.000000  0.000000  0.000000  0.000000  0.000000  0.000000  0.000000  0.000000  0.000000  0.000000  0.000000  0.000000 -130.398438  0.000000  0.000000  0.000000  0.000000  0.006508  0.000000


Hessian

      -1376     -178.1     -69.74     -70.78     -28.42     -136.5      38.82      29.58     -86.55      125.5     -102.7     -14.24      29.59      45.28     -120.1     -73.71      24.46     -23.99     -103.3     -55.49       -105      25.22      2.896     -49.72      19.74     0.7555     -75.58       -113     -7.097     -18.75    -0.9212      140.8     -22.97      7.014     -76.46     -438.1      50.82
     -178.1       -798     -34.29      20.62      5.528     -3.307      1.392      73.56     -198.8       5.59     -47.23       15.5      19.63     -33.44     -59.76     -18.98     -27.22      22.62     -13.67     -5.788     -7.197       87.6      17.56     -54.83      7.104     -11.23     -4.557      44.16     -11.15       42.4      129.9      255.5       12.8     -52.74   -0.07367      100.7      222.6
     -69.74     -34.29     -609.7      43.03     -113.6     -35.04      7.007     -15.04      103.4      95.69     -21.27      35.85      34.01      32.03      41.17      17.77      34.58     -12.16     -0.322     -45.76      -1.93     -10.51     -20.56      12.14      8.981     -21.55      7.551     -3.641     -41.87     -4.025      128.9      251.9     -42.58     -13.02      6.588      110.1      195.9
     -70.78      20.62      43.03      -1559     -712.8      -77.2     -20.63     -103.2       63.7     -229.9     -68.51         29      14.91      28.26      66.25     -36.74     -7.752     -3.818      59.37     -9.855     -109.1    0.06183     -157.4      1.738     -79.26     -38.46      107.8      56.58      28.93      10.86      154.2      282.9      51.55     -33.73     -52.38      -1095     -150.7
     -28.42      5.528     -113.6     -712.8      -3166     -115.6     -59.08     -9.669     -60.24      84.34      78.36      70.93      65.44     -26.09      32.37     -103.2     -4.057      22.59      46.58      87.78      25.83     -67.14     -57.72       90.9      49.94     -77.13      -1.14     -72.42     -23.46     -60.52        154      287.3      88.97      -12.4     -80.27      -1379     -974.8
     -136.5     -3.307     -35.04      -77.2     -115.6     -914.4       -159     -170.7     -41.36     -200.1     -92.34       6.33     -66.66     -71.87      28.52      48.63     -54.88      19.21     -48.34       48.6      79.76      14.12      15.87      16.94      30.69      14.82     -49.33     -86.74     -15.47      6.582      54.42      153.2      30.97     -3.507      5.119      -1097     -642.6
      38.82      1.392      7.007     -20.63     -59.08       -159     -715.2     -122.8      36.08      20.74      17.85     -5.449      3.152     -72.61     -30.44      98.42     -78.94     -31.09      66.23     -9.938     -42.15      19.36      76.55      33.64     -3.165      13.73      3.136     -34.46       51.1      36.72      62.99      172.3     -27.04      29.21      45.68      82.16     -409.5
      29.58      73.56     -15.04     -103.2     -9.669     -170.7     -122.8     -763.1      118.8      45.31      42.58      31.47      37.73      -81.8     -7.049      -4.58        -72     -2.739     -36.66      34.83       72.5      26.15      32.32      25.76      43.03      49.51       75.2     -52.92      22.89      20.52     -404.8     -680.7      60.36     -29.41      35.12      91.26     -210.8
     -86.55     -198.8      103.4       63.7     -60.24     -41.36      36.08      118.8      -3997      -1139      49.18      36.29      10.64      171.8      85.24     -129.2      -94.5      11.74      164.4      93.52      60.22      11.24      41.21      99.48     -32.65      4.802      160.3      118.9     -57.82      101.5      162.7      293.2      -5.21      20.89     -243.6      310.4      281.9
      125.5       5.59      95.69     -229.9      84.34     -200.1      20.74      45.31      -1139      -5384     -17.48     -82.68     -83.34       95.7     -37.39     -74.61     -163.4     -21.13       7.32     -92.89     -16.65      45.71     -92.06      28.25      3.737      75.87       95.9     -15.64       -157       39.1        157      286.9     -135.8     -160.6     -6.559      312.4      280.2
     -102.7     -47.23     -21.27     -68.51      78.36     -92.34      17.85      42.58      49.18     -17.48     -930.1     -36.98     -25.69     -63.68      74.41     -62.33      40.52     -9.116     -525.4     -36.41     -75.06      57.33     -30.34     -39.84      -16.6      7.954     -175.8     -38.83   -0.06766     -2.531     -405.3     -231.4      39.34      53.94     -31.87     -337.3      90.77
     -14.24       15.5      35.85         29      70.93       6.33     -5.449      31.47      36.29     -82.68     -36.98     -580.1     -256.2     -61.98     -54.13     -13.84      -19.5     -106.8     -202.7     -22.47      34.91      15.57     -11.12     -6.661     -52.52      24.43     -95.68     -31.29      5.776     -30.26     -148.1      3.349      -23.7     -2.018     -46.79     -28.16      61.63
      29.59      19.63      34.01      14.91      65.44     -66.66      3.152      37.73      10.64     -83.34     -25.69     -256.2     -336.2     -104.8     -29.18      2.051     -46.41     -21.97     -122.6      4.465      28.13      7.445      32.24      23.98     -18.66      8.893     -64.59     -32.63     -18.38     -23.79     -164.4     -21.82     -21.29       3.36      27.18     -113.4      83.75
      45.28     -33.44      32.03      28.26     -26.09     -71.87     -72.61      -81.8      171.8       95.7     -63.68     -61.98     -104.8     -864.9     -86.31     -31.75     -290.4      4.763      47.97      3.938     -32.92      2.213      3.067     -6.961      30.18      56.37      67.71      81.04      38.65     -3.461      148.6      276.2       37.3     0.4416     -6.261       -131     -440.9
     -120.1     -59.76      41.17      66.25      32.37      28.52     -30.44     -7.049      85.24     -37.39      74.41     -54.13     -29.18     -86.31      -1377     -264.8    -0.4062      23.42      61.13       67.6      92.21     -5.648      61.71     -3.021      28.77      36.07     -10.75       55.8      15.88      35.61      170.8      297.7      -61.7      6.709     -70.72     -58.66     -70.45
     -73.71     -18.98      17.77     -36.74     -103.2      48.63      98.42      -4.58     -129.2     -74.61     -62.33     -13.84      2.051     -31.75     -264.8      -1139      25.72     0.6455     -26.31      44.88       24.1      12.72      66.12      15.53      13.62      43.52     -19.87      50.39      12.34      89.45      170.2      295.2      74.53     -4.401      5.988     -20.93     -28.97
      24.46     -27.22      34.58     -7.752     -4.057     -54.88     -78.94        -72      -94.5     -163.4      40.52      -19.5     -46.41     -290.4    -0.4062      25.72     -599.1      31.91      70.43      9.584      34.98     -2.668      36.61     -16.39     -13.96       6.46      45.82         70      16.11      13.19      152.8      273.3     0.2462     -40.42     -23.12      173.4     -103.8
     -23.99      22.62     -12.16     -3.818      22.59      19.21     -31.09     -2.739      11.74     -21.13     -9.116     -106.8     -21.97      4.763      23.42     0.6455      31.91     -169.9     -48.25     0.1781       28.7     -3.969     -27.76     -5.686     -11.66      25.92     -13.31     -2.772     -10.22     -26.69      -23.5      88.08     -43.11      -9.13     -39.22     -40.08      63.77
     -103.3     -13.67     -0.322      59.37      46.58     -48.34      66.23     -36.66      164.4       7.32     -525.4     -202.7     -122.6      47.97      61.13     -26.31      70.43     -48.25      -1869     -168.5     -32.02     -98.37     -58.38     -24.55     -17.19     -19.06     -620.1     -67.66     -78.17     -13.62      -1454      -1198     -102.4      16.16     -34.66      70.69      195.2
     -55.49     -5.788     -45.76     -9.855      87.78       48.6     -9.938      34.83      93.52     -92.89     -36.41     -22.47      4.465      3.938       67.6      44.88      9.584     0.1781     -168.5     -585.2     -315.8     -96.68     -117.6     -22.24     -19.02     -46.13     -108.3      15.14      5.303      16.91     -6.918     -281.5     -93.61     -75.21     -3.562      31.67      202.7
       -105     -7.197      -1.93     -109.1      25.83      79.76     -42.15       72.5      60.22     -16.65     -75.06      34.91      28.13     -32.92      92.21       24.1      34.98       28.7     -32.02     -315.8     -800.4     -56.14       -146      -28.1     -3.082     -49.03     -21.04      8.929     -14.49      42.91      88.62      53.74     -32.59     -22.77     -12.23      67.68      210.2
      25.22       87.6     -10.51    0.06183     -67.14      14.12      19.36      26.15      11.24      45.71      57.33      15.57      7.445      2.213     -5.648      12.72     -2.668     -3.969     -98.37     -96.68     -56.14     -462.4     -107.5      8.252     -5.116     -47.93     -77.95     -8.457     -14.55      3.242     -73.66     -409.5     -92.38      -66.2      -7.28       -175     -42.54
      2.896      17.56     -20.56     -157.4     -57.72      15.87      76.55      32.32      41.21     -92.06     -30.34     -11.12      32.24      3.067      61.71      66.12      36.61     -27.76     -58.38     -117.6       -146     -107.5     -807.8     -145.6     -108.4     0.3785     -45.51      68.83     0.1759      12.47      71.19      11.67     -22.83     -50.15     -40.32     -621.3      28.18
     -49.72     -54.83      12.14      1.738       90.9      16.94      33.64      25.76      99.48      28.25     -39.84     -6.661      23.98     -6.961     -3.021      15.53     -16.39     -5.686     -24.55     -22.24      -28.1      8.252     -145.6     -462.1     -14.33     -7.378     -20.45     -31.68      39.97      14.11      110.8      183.3     -26.02     -101.4     -3.755      94.31      217.8
      19.74      7.104      8.981     -79.26      49.94      30.69     -3.165      43.03     -32.65      3.737      -16.6     -52.52     -18.66      30.18      28.77      13.62     -13.96     -11.66     -17.19     -19.02     -3.082     -5.116     -108.4     -14.33     -392.8       15.8      12.32      5.722      27.18     -9.831     -182.3     -83.14     -57.09      33.99      2.595      110.1      216.5
     0.7555     -11.23     -21.55     -38.46     -77.13      14.82      13.73      49.51      4.802      75.87      7.954      24.43      8.893      56.37      36.07      43.52       6.46      25.92     -19.06     -46.13     -49.03     -47.93     0.3785     -7.378       15.8     -223.1     -37.59      13.52      11.99     -2.543      98.81      135.7     -16.86      14.76      12.37      26.77      59.29
     -75.58     -4.557      7.551      107.8      -1.14     -49.33      3.136       75.2      160.3       95.9     -175.8     -95.68     -64.59      67.71     -10.75     -19.87      45.82     -13.31     -620.1     -108.3     -21.04     -77.95     -45.51     -20.45      12.32     -37.59      -1337     -205.2     -25.19     -45.43     -62.93      48.88     -188.3      41.09     -25.18     -30.71      187.4
       -113      44.16     -3.641      56.58     -72.42     -86.74     -34.46     -52.92      118.9     -15.64     -38.83     -31.29     -32.63      81.04       55.8      50.39         70     -2.772     -67.66      15.14      8.929     -8.457      68.83     -31.68      5.722      13.52     -205.2      -1043     -122.6     -273.3     -377.4     -675.5     -92.68       17.1      -1.62     -133.4      143.2
     -7.097     -11.15     -41.87      28.93     -23.46     -15.47       51.1      22.89     -57.82       -157   -0.06766      5.776     -18.38      38.65      15.88      12.34      16.11     -10.22     -78.17      5.303     -14.49     -14.55     0.1759      39.97      27.18      11.99     -25.19     -122.6     -350.9      -17.8      49.77      117.2      37.62      37.04       3.36     -320.7     -164.4
     -18.75       42.4     -4.025      10.86     -60.52      6.582      36.72      20.52      101.5       39.1     -2.531     -30.26     -23.79     -3.461      35.61      89.45      13.19     -26.69     -13.62      16.91      42.91      3.242      12.47      14.11     -9.831     -2.543     -45.43     -273.3      -17.8     -567.6     -308.6     -228.6      10.92     -10.12     -21.26     -186.2      129.3
    -0.9212      129.9      128.9      154.2        154      54.42      62.99     -404.8      162.7        157     -405.3     -148.1     -164.4      148.6      170.8      170.2      152.8      -23.5      -1454     -6.918      88.62     -73.66      71.19      110.8     -182.3      98.81     -62.93     -377.4      49.77     -308.6 -1.453e+04 -1.686e+04      71.63      131.2      129.6      159.3      162.1
      140.8      255.5      251.9      282.9      287.3      153.2      172.3     -680.7      293.2      286.9     -231.4      3.349     -21.82      276.2      297.7      295.2      273.3      88.08      -1198     -281.5      53.74     -409.5      11.67      183.3     -83.14      135.7      48.88     -675.5      117.2     -228.6 -1.686e+04 -2.978e+04      186.6      249.1      248.3        296      296.7
     -22.97       12.8     -42.58      51.55      88.97      30.97     -27.04      60.36      -5.21     -135.8      39.34      -23.7     -21.29       37.3      -61.7      74.53     0.2462     -43.11     -102.4     -93.61     -32.59     -92.38     -22.83     -26.02     -57.09     -16.86     -188.3     -92.68      37.62      10.92      71.63      186.6       -963     -125.8     -146.7     -76.79      148.2
      7.014     -52.74     -13.02     -33.73      -12.4     -3.507      29.21     -29.41      20.89     -160.6      53.94     -2.018       3.36     0.4416      6.709     -4.401     -40.42      -9.13      16.16     -75.21     -22.77      -66.2     -50.15     -101.4      33.99      14.76      41.09       17.1      37.04     -10.12      131.2      249.1     -125.8       -547     -48.67     -247.7     -67.35
     -76.46   -0.07367      6.588     -52.38     -80.27      5.119      45.68      35.12     -243.6     -6.559     -31.87     -46.79      27.18     -6.261     -70.72      5.988     -23.12     -39.22     -34.66     -3.562     -12.23      -7.28     -40.32     -3.755      2.595      12.37     -25.18      -1.62       3.36     -21.26      129.6      248.3     -146.7     -48.67     -587.6     -375.2     -95.07
     -438.1      100.7      110.1      -1095      -1379      -1097      82.16      91.26      310.4      312.4     -337.3     -28.16     -113.4       -131     -58.66     -20.93      173.4     -40.08      70.69      31.67      67.68       -175     -621.3      94.31      110.1      26.77     -30.71     -133.4     -320.7     -186.2      159.3        296     -76.79     -247.7     -375.2 -4.213e+04 -1.653e+04
      50.82      222.6      195.9     -150.7     -974.8     -642.6     -409.5     -210.8      281.9      280.2      90.77      61.63      83.75     -440.9     -70.45     -28.97     -103.8      63.77      195.2      202.7      210.2     -42.54      28.18      217.8      216.5      59.29      187.4      143.2     -164.4      129.3      162.1      296.7      148.2     -67.35     -95.07 -1.653e+04 -1.761e+04
