
5

(t5:0.0744296069,(t4:0.0000106654,t1:0.0542136307):0.3370360521,(t3:0.0527819739,t2:0.0000040000):0.2806051001);

0.3370360521 1.06654e-5 0.0542136307 0.2806051001 0.0527819739 4.0e-6 0.0744296069

0.001716836470575244 -16.810606637677864 0.0028111300745944966 -1.1207954162632358e-6 0.0007320915726275035 -9.489879962192429 -0.0022290151003248626


Hessian

-22.57 12.0 31.66 -0.3757 -28.41 -9.184 -4.548
12.0 -23.79 -28.99 7.613 22.08 -0.9271 7.927
31.66 -28.99 -317.1 27.57 44.81 22.07 29.69
-0.3757 7.613 27.57 -25.33 -9.301 0.0595 -4.316
-28.41 22.08 44.81 -9.301 -288.7 -133.0 -47.61
-9.184 -0.9271 22.07 0.0595 -133.0 -68.14 -20.33
-4.548 7.927 29.69 -4.316 -47.61 -20.33 -76.69
