
 5

((t4: 0.065190, t1: 0.064181): 0.449200, (t3: 0.058285, t2: 0.053019): 0.469755, t5: 0.022634);

  0.449200  0.065190  0.064181  0.469755  0.058285  0.053019  0.022634

  0.000000  0.000000  0.000000  0.000000  0.000000  0.000000  0.000000


Hessian

     -192.1      83.75      61.14      38.78     -115.9      67.05     -97.09
      83.75      -1750     -579.4      27.56      346.1      351.2      54.12
      61.14     -579.4      -1841      20.59      244.3      312.9      100.3
      38.78      27.56      20.59     -171.4      45.47       39.4       -124
     -115.9      346.1      244.3      45.47      -1992     -907.1      53.59
      67.05      351.2      312.9       39.4     -907.1      -2177     -7.098
     -97.09      54.12      100.3       -124      53.59     -7.098      -1003
