
 20

((t7: 0.206526, (t19: 0.135293, t11: 0.045895): 0.252130): 0.077256, (t2: 0.233313, (t13: 0.056638, t18: 0.038205): 0.207934): 0.116231, ((((t1: 0.127398, t12: 0.162461): 0.111148, t9: 0.247257): 0.309824, t5: 0.614096): 0.080606, (((t17: 0.314360, (t14: 0.303646, t10: 0.356996): 0.064684): 0.088093, t6: 0.527612): 0.171615, ((t20: 0.412164, (t16: 0.000000, t8: 0.010019): 0.274610): 0.063645, (t15: 0.284916, (t3: 0.000624, t4: 0.016192): 0.267668): 0.106944): 0.077529): 0.005548): 0.137841);

  0.077256  0.206526  0.252130  0.135293  0.045895  0.116231  0.233313  0.207934  0.056638  0.038205  0.137841  0.080606  0.309824  0.111148  0.127398  0.162461  0.247257  0.614096  0.005548  0.171615  0.088093  0.314360  0.064684  0.303646  0.356996  0.527612  0.077529  0.063645  0.412164  0.274610  0.000000  0.010019  0.106944  0.284916  0.267668  0.000624  0.016192

  0.000000  0.000000  0.000000  0.000000  0.000000  0.000000  0.000000  0.000000  0.000000  0.000000  0.000000  0.000000  0.000000  0.000000  0.000000  0.000000  0.000000  0.000000  0.000000  0.000000  0.000000  0.000000  0.000000  0.000000  0.000000  0.000000  0.000000  0.000000  0.000000  0.000000 -130.494815  0.000000  0.000000  0.000000  0.000000  0.000000  0.000000


Hessian

      -1372     -177.4     -69.28     -69.79     -27.76     -135.8      39.03      29.86     -85.01      125.8       -102      -13.4      29.92      45.75     -119.2     -73.02      24.97     -23.48       -102        -55     -104.6      25.93      3.724     -49.02      20.12      1.025     -74.61     -112.3     -6.694      -18.1    -0.9204      140.6     -22.03      7.675     -75.59     -432.7      50.91
     -177.4       -796     -33.92      21.17      6.093     -3.055      1.856      73.76       -198      6.367      -46.7      15.87      19.92     -32.75      -59.2     -18.52     -26.75      22.81        -13     -5.289     -6.618       87.8      18.09     -54.25      7.456     -10.97     -4.061       44.5     -10.82      42.73      130.1      255.4      13.36     -52.14     0.3576      101.5      222.5
     -69.28     -33.92     -608.1      43.54     -113.1     -34.65      7.392     -14.58      103.9       96.5     -20.78      36.31      34.27      32.42      41.51      18.15      34.97     -11.86     0.2614     -45.05     -1.573     -10.01     -20.07      12.46      9.341     -21.26      8.131      -3.24     -41.46     -3.661      129.2      251.9     -42.01     -12.46      7.005        111      195.9
     -69.79      21.17      43.54      -1557     -712.5     -76.33     -19.99     -102.6      64.66     -228.4     -67.49      29.83      15.35      29.09      66.99     -35.95     -7.141     -3.362      60.48     -9.121     -108.1     0.6101     -155.8      2.269     -78.53     -38.11      108.4       57.3      29.47      11.47        155      283.4      52.27     -33.05     -51.65      -1093       -153
     -27.76      6.093     -113.1     -712.5      -3162     -114.3     -58.21     -8.785     -59.61      85.29      78.79      71.57      65.84      -25.1      33.12     -102.7     -3.191      23.11      47.67      88.15      26.45     -66.38      -56.6      91.59      50.31     -76.45    0.01233     -70.78     -23.03     -59.77      154.8      287.7      89.47     -11.57     -79.48      -1380     -975.8
     -135.8     -3.055     -34.65     -76.33     -114.3     -911.8     -158.3     -169.9     -40.81     -199.1     -91.65      6.643     -66.15     -71.24      28.82      48.99     -54.19      19.52     -47.75      48.94      79.94      14.59      16.72      17.31      31.04      15.12     -48.67     -85.78     -14.97      7.107      54.62      153.2      31.43     -3.054      5.596      -1093     -642.5
      39.03      1.856      7.392     -19.99     -58.21     -158.3     -713.8     -122.4      36.59      21.53      18.16     -4.839      3.443     -72.12     -29.91      98.67     -78.38     -30.69      66.66     -9.396     -41.58      19.78      76.95      33.99     -2.802      13.95      3.599     -33.82      51.36      37.08      63.03      172.2     -26.28      29.67      46.14      83.88     -406.8
      29.86      73.76     -14.58     -102.6     -8.785     -169.9     -122.4     -761.5        119      45.58      42.91      31.88      37.95     -81.14     -6.647     -4.286     -71.54     -2.493     -35.78      35.22      72.77      26.48      32.54      26.11      43.26      49.63      75.52     -52.32      23.08      20.87     -403.9     -679.9      60.69     -28.84      35.48      92.74     -208.9
     -85.01       -198      103.9      64.66     -59.61     -40.81      36.59        119      -3993      -1141      49.68         37      11.01      172.2      85.79     -128.8     -93.78      12.14      164.7      93.81      60.92      12.03      42.03       99.9     -32.15      5.037      160.8      119.1     -57.28      101.9      163.4      293.5      -4.39      21.55     -242.4      312.9        283
      125.8      6.367       96.5     -228.4      85.29     -199.1      21.53      45.58      -1141      -5379     -16.41     -81.25     -82.51      96.58     -36.39     -73.58     -162.4     -20.63      8.831     -91.84     -15.41      46.28     -90.67      28.72      4.432      76.06      97.09     -14.64     -156.2      39.72        158      287.6     -134.7     -159.2     -5.574      315.2      281.7
       -102      -46.7     -20.78     -67.49      78.79     -91.65      18.16      42.91      49.68     -16.41     -927.3     -36.38     -25.34     -63.17      74.86     -61.74      40.87     -8.808       -524     -35.93     -74.49      57.55     -29.47     -39.36     -16.18      8.081     -175.1      -38.2     0.2873     -2.109     -404.5     -230.8       39.7       54.3     -31.29     -332.2      90.86
      -13.4      15.87      36.31      29.83      71.57      6.643     -4.839      31.88         37     -81.25     -36.38     -578.1     -255.4     -61.39     -53.19     -13.24     -18.94     -106.3     -201.6     -21.91      35.13      16.05      -10.8     -6.356     -51.95      24.61     -95.15     -30.81      6.006     -29.87     -147.6      3.642     -23.11     -1.417     -45.99     -28.65      61.52
      29.92      19.92      34.27      15.35      65.84     -66.15      3.443      37.95      11.01     -82.51     -25.34     -255.4     -334.9     -104.1     -28.73       2.33     -45.88     -21.69     -122.1      4.757      28.38      7.776      32.52      24.18     -18.27      9.094      -64.2     -32.29     -18.07     -23.38     -163.6     -21.34     -20.72       3.71      27.43     -114.6      82.79
      45.75     -32.75      32.42      29.09      -25.1     -71.24     -72.12     -81.14      172.2      96.58     -63.17     -61.39     -104.1       -863     -85.92     -31.39     -289.7       5.01      48.57       4.44     -32.04      2.677      3.716     -6.407      30.45      56.53      68.15      81.37      38.92     -2.978      149.1      276.4      37.93      1.074     -5.844     -129.6     -438.9
     -119.2      -59.2      41.51      66.99      33.12      28.82     -29.91     -6.647      85.79     -36.39      74.86     -53.19     -28.73     -85.92      -1375     -264.5   -0.01173       23.7      61.79      68.12      92.56     -5.165      62.12     -2.586      29.21      36.31     -10.42      56.12      16.22      36.06      171.3      297.9     -61.01      7.241     -69.99     -56.84     -69.61
     -73.02     -18.52      18.15     -35.95     -102.7      48.99      98.67     -4.286     -128.8     -73.58     -61.74     -13.24       2.33     -31.39     -264.5      -1137      26.17     0.8824     -25.19      45.28      24.44      13.18      66.23      15.89      13.97      43.65     -19.15      50.77      12.58      89.65      170.7      295.3      75.05     -3.883      6.502     -19.22     -28.24
      24.97     -26.75      34.97     -7.141     -3.191     -54.19     -78.38     -71.54     -93.78     -162.4      40.87     -18.94     -45.88     -289.7   -0.01173      26.17     -597.8      32.13      71.02      10.06      35.32     -2.189      37.14        -16     -13.53      6.727      46.37      70.37      16.42      13.69      153.3      273.6     0.8905     -39.79     -22.48      174.8       -102
     -23.48      22.81     -11.86     -3.362      23.11      19.52     -30.69     -2.493      12.14     -20.63     -8.808     -106.3     -21.69       5.01       23.7     0.8824      32.13     -169.1     -47.83     0.4596      28.88     -3.648     -27.35     -5.411      -11.4      26.01     -12.99     -2.355     -9.926     -26.35     -23.25      88.09     -42.64     -8.784     -38.79     -38.06      64.05
       -102        -13     0.2614      60.48      47.67     -47.75      66.66     -35.78      164.7      8.831       -524     -201.6     -122.1      48.57      61.79     -25.19      71.02     -47.83      -1865     -167.4     -31.49     -97.59     -57.82     -23.91      -16.5      -18.7     -618.2     -66.93     -77.74     -12.94      -1448      -1192     -101.6       16.9     -33.54       70.9      195.3
        -55     -5.289     -45.05     -9.121      88.15      48.94     -9.396      35.22      93.81     -91.84     -35.93     -21.91      4.757       4.44      68.12      45.28      10.06     0.4596     -167.4     -583.1     -314.7        -96     -116.7     -21.84     -18.66     -45.77     -107.5      15.43      5.619      17.25     -6.648     -281.5     -92.89     -74.52     -3.059      31.03      202.1
     -104.6     -6.618     -1.573     -108.1      26.45      79.94     -41.58      72.77      60.92     -15.41     -74.49      35.13      28.38     -32.04      92.56      24.44      35.32      28.88     -31.49     -314.7     -797.8     -55.68     -145.1     -27.66     -2.852     -48.67     -20.57      9.215     -14.18      43.14      88.74       53.9     -31.96     -22.11     -11.74      68.14      209.9
      25.93       87.8     -10.01     0.6101     -66.38      14.59      19.78      26.48      12.03      46.28      57.55      16.05      7.776      2.677     -5.165      13.18     -2.189     -3.648     -97.59        -96     -55.68       -461     -106.9      8.552     -4.793     -47.56     -77.31     -8.029     -14.19      3.624     -72.88       -409     -91.51     -65.61     -6.702     -175.7     -42.92
      3.724      18.09     -20.07     -155.8      -56.6      16.72      76.95      32.54      42.03     -90.67     -29.47      -10.8      32.52      3.716      62.12      66.23      37.14     -27.35     -57.82     -116.7     -145.1     -106.9     -805.5     -144.9     -107.8     0.5599     -44.75       69.2     0.7465      13.07      71.48      12.03     -22.28     -49.71     -39.73     -610.6      29.05
     -49.02     -54.25      12.46      2.269      91.59      17.31      33.99      26.11       99.9      28.72     -39.36     -6.356      24.18     -6.407     -2.586      15.89        -16     -5.411     -23.91     -21.84     -27.66      8.552     -144.9     -460.6     -14.05     -7.144     -19.97     -30.95      40.15      14.42      110.9      183.2     -25.52     -100.7     -3.348      95.67      217.8
      20.12      7.456      9.341     -78.53      50.31      31.04     -2.802      43.26     -32.15      4.432     -16.18     -51.95     -18.27      30.45      29.21      13.97     -13.53      -11.4      -16.5     -18.66     -2.852     -4.793     -107.8     -14.05     -391.6      15.94      12.63      6.002      27.35     -9.456     -181.6      -82.6     -56.46      34.29      2.988      111.4      216.5
      1.025     -10.97     -21.26     -38.11     -76.45      15.12      13.95      49.63      5.037      76.06      8.081      24.61      9.094      56.53      36.31      43.65      6.727      26.01      -18.7     -45.77     -48.67     -47.56     0.5599     -7.144      15.94     -222.1     -37.22      13.83      12.19      -2.31      98.78      135.6     -16.52      15.01      12.61      26.26      59.17
     -74.61     -4.061      8.131      108.4    0.01233     -48.67      3.599      75.52      160.8      97.09     -175.1     -95.15      -64.2      68.15     -10.42     -19.15      46.37     -12.99     -618.2     -107.5     -20.57     -77.31     -44.75     -19.97      12.63     -37.22      -1333     -204.1     -24.71     -45.06     -62.74      48.89     -187.5      41.46     -24.52      -31.9      186.8
     -112.3       44.5      -3.24       57.3     -70.78     -85.78     -33.82     -52.32      119.1     -14.64      -38.2     -30.81     -32.29      81.37      56.12      50.77      70.37     -2.355     -66.93      15.43      9.215     -8.029       69.2     -30.95      6.002      13.83     -204.1      -1040     -121.9     -272.4     -376.8     -676.4     -91.98      17.64     -1.204     -127.2      144.2
     -6.694     -10.82     -41.46      29.47     -23.03     -14.97      51.36      23.08     -57.28     -156.2     0.2873      6.006     -18.07      38.92      16.22      12.58      16.42     -9.926     -77.74      5.619     -14.18     -14.19     0.7465      40.15      27.35      12.19     -24.71     -121.9     -349.8     -17.49      49.99      117.2      37.91      37.29      3.731     -317.6     -163.9
      -18.1      42.73     -3.661      11.47     -59.77      7.107      37.08      20.87      101.9      39.72     -2.109     -29.87     -23.38     -2.978      36.06      89.65      13.69     -26.35     -12.94      17.25      43.14      3.624      13.07      14.42     -9.456      -2.31     -45.06     -272.4     -17.49       -566     -307.5     -227.7      11.19     -9.654     -20.81     -183.6      129.1
    -0.9204      130.1      129.2        155      154.8      54.62      63.03     -403.9      163.4        158     -404.5     -147.6     -163.6      149.1      171.3      170.7      153.3     -23.25      -1448     -6.648      88.74     -72.88      71.48      110.9     -181.6      98.78     -62.74     -376.8      49.99     -307.5 -1.452e+04 -1.685e+04      71.81      131.5      129.9      161.2      162.7
      140.6      255.4      251.9      283.4      287.7      153.2      172.2     -679.9      293.5      287.6     -230.8      3.642     -21.34      276.4      297.9      295.3      273.6      88.09      -1192     -281.5       53.9       -409      12.03      183.2      -82.6      135.6      48.89     -676.4      117.2     -227.7 -1.685e+04 -2.977e+04      186.5      249.1      248.4      297.7      297.1
     -22.03      13.36     -42.01      52.27      89.47      31.43     -26.28      60.69      -4.39     -134.7       39.7     -23.11     -20.72      37.93     -61.01      75.05     0.8905     -42.64     -101.6     -92.89     -31.96     -91.51     -22.28     -25.52     -56.46     -16.52     -187.5     -91.98      37.91      11.19      71.81      186.5     -960.2       -125       -146     -75.09      148.6
      7.675     -52.14     -12.46     -33.05     -11.57     -3.054      29.67     -28.84      21.55     -159.2       54.3     -1.417       3.71      1.074      7.241     -3.883     -39.79     -8.784       16.9     -74.52     -22.11     -65.61     -49.71     -100.7      34.29      15.01      41.46      17.64      37.29     -9.654      131.5      249.1       -125     -545.2     -48.23     -251.1      -68.8
     -75.59     0.3576      7.005     -51.65     -79.48      5.596      46.14      35.48     -242.4     -5.574     -31.29     -45.99      27.43     -5.844     -69.99      6.502     -22.48     -38.79     -33.54     -3.059     -11.74     -6.702     -39.73     -3.348      2.988      12.61     -24.52     -1.204      3.731     -20.81      129.9      248.4       -146     -48.23     -585.8     -377.9     -96.16
     -432.7      101.5        111      -1093      -1380      -1093      83.88      92.74      312.9      315.2     -332.2     -28.65     -114.6     -129.6     -56.84     -19.22      174.8     -38.06       70.9      31.03      68.14     -175.7     -610.6      95.67      111.4      26.26      -31.9     -127.2     -317.6     -183.6      161.2      297.7     -75.09     -251.1     -377.9 -4.216e+04 -1.663e+04
      50.91      222.5      195.9       -153     -975.8     -642.5     -406.8     -208.9        283      281.7      90.86      61.52      82.79     -438.9     -69.61     -28.24       -102      64.05      195.3      202.1      209.9     -42.92      29.05      217.8      216.5      59.17      186.8      144.2     -163.9      129.1      162.7      297.1      148.6      -68.8     -96.16 -1.663e+04 -1.761e+04
