
5

(t5:0.0000089724,(t4:0.0783434638,t1:0.0712706125):0.6606240341,(t3:0.0669077350,t2:0.0601232877):0.6837759707);

0.6606240341 0.0783434638 0.0712706125 0.6837759707 0.066907735 0.0601232877 8.9724e-6

-0.035020772577718295 -0.11816241071838607 -0.12426000192776354 -0.0062333717083844775 0.1716265488690798 0.0011278748921226267 -16.09094903084828


Hessian

-85.08 55.85 39.18 20.04 -39.79 41.18 -50.45
55.85 -1146.0 -543.4 28.01 272.6 281.6 98.39
39.18 -543.4 -1257.0 26.42 219.3 259.0 86.29
20.04 28.01 26.42 -77.09 33.7 27.81 -60.58
-39.79 272.6 219.3 33.7 -1410.0 -854.4 32.01
41.18 281.6 259.0 27.81 -854.4 -1521.0 27.82
-50.45 98.39 86.29 -60.58 32.01 27.82 -301.6
